n= 105 rhomax= 23
  1.5077e-002
  7.5814e-002
  1.8614e-001
  3.4704e-001
  5.5958e-001
  8.2492e-001
  1.1443e+000
  1.5190e+000
  1.9504e+000
  2.4403e+000
  2.9902e+000
  3.6021e+000
  4.2781e+000
  5.0204e+000
  5.8319e+000
  6.7154e+000
  7.6744e+000
  8.7130e+000
  9.8359e+000
  1.1049e+001
  1.2359e+001
  1.3776e+001
  1.5312e+001
  1.6984e+001
  1.8821e+001
  2.0852e+001
  2.3016e+001
  2.5092e+001
  2.6956e+001
  2.8622e+001
  3.0117e+001
  3.1460e+001
  3.2663e+001
  3.3734e+001
  3.4679e+001
  3.5503e+001
  3.6208e+001
  3.6800e+001
  3.7279e+001
  3.7647e+001
  3.7907e+001
  3.8060e+001
  3.8106e+001
  3.8048e+001
  3.7885e+001
  3.7619e+001
  3.7251e+001
  3.6780e+001
  3.6208e+001
  3.5535e+001
  3.4761e+001
  3.3887e+001
  3.2913e+001
  3.1839e+001
  3.0666e+001
  2.9394e+001
  2.8023e+001
  2.6554e+001
  2.4986e+001
  2.3320e+001
  2.1555e+001
  1.9693e+001
  1.7733e+001
  1.5675e+001
  1.3519e+001
  1.1266e+001
  8.9157e+000
  6.4678e+000
  3.9227e+000
  1.2804e+000
  1.4590e+000
  4.2955e+000
  7.2289e+000
  1.0259e+001
  1.3387e+001
  1.6611e+001
  1.9932e+001
  2.3349e+001
  2.6864e+001
  3.0475e+001
  3.4182e+001
  3.7986e+001
  4.1887e+001
  4.5885e+001
  4.9979e+001
  5.4169e+001
  5.8456e+001
  6.2839e+001
  6.7319e+001
  7.1895e+001
  7.6567e+001
  8.1336e+001
  8.6201e+001
  9.1163e+001
  9.6221e+001
  1.0137e+002
  1.0663e+002
  1.1198e+002
  1.1744e+002
  1.2314e+002
  1.2938e+002
  1.3674e+002
  1.4589e+002
  1.5770e+002
  1.7421e+002
