n= 105 rhomax= 48
  6.6952e-002
  3.4436e-001
  8.6951e-001
  1.6785e+000
  2.8305e+000
  4.3685e+000
  5.9803e+000
  7.1552e+000
  7.8051e+000
  7.9729e+000
  7.6841e+000
  6.9524e+000
  5.7856e+000
  4.1886e+000
  2.1647e+000
  2.8384e-001
  3.1555e+000
  6.4492e+000
  1.0164e+001
  1.4299e+001
  1.8855e+001
  2.3830e+001
  2.9224e+001
  3.5038e+001
  4.1270e+001
  4.7922e+001
  5.4992e+001
  6.2480e+001
  7.0387e+001
  7.8713e+001
  8.7457e+001
  9.6619e+001
  1.0620e+002
  1.1620e+002
  1.2662e+002
  1.3745e+002
  1.4870e+002
  1.6037e+002
  1.7246e+002
  1.8497e+002
  1.9790e+002
  2.1124e+002
  2.2500e+002
  2.3918e+002
  2.5378e+002
  2.6880e+002
  2.8423e+002
  3.0008e+002
  3.1635e+002
  3.3304e+002
  3.5015e+002
  3.6767e+002
  3.8561e+002
  4.0397e+002
  4.2275e+002
  4.4195e+002
  4.6156e+002
  4.8159e+002
  5.0204e+002
  5.2291e+002
  5.4420e+002
  5.6590e+002
  5.8802e+002
  6.1056e+002
  6.3352e+002
  6.5690e+002
  6.8069e+002
  7.0490e+002
  7.2953e+002
  7.5458e+002
  7.8005e+002
  8.0593e+002
  8.3223e+002
  8.5895e+002
  8.8609e+002
  9.1365e+002
  9.4162e+002
  9.7001e+002
  9.9882e+002
  1.0280e+003
  1.0577e+003
  1.0878e+003
  1.1182e+003
  1.1491e+003
  1.1805e+003
  1.2122e+003
  1.2443e+003
  1.2769e+003
  1.3099e+003
  1.3433e+003
  1.3771e+003
  1.4114e+003
  1.4460e+003
  1.4811e+003
  1.5166e+003
  1.5525e+003
  1.5889e+003
  1.6256e+003
  1.6628e+003
  1.7004e+003
  1.7384e+003
  1.7768e+003
  1.8156e+003
  1.8549e+003
  1.8951e+003
