n= 105 rhomax= 8
  1.8152e-003
  9.0823e-003
  2.2177e-002
  4.1111e-002
  6.5899e-002
  9.6552e-002
  1.3308e-001
  1.7551e-001
  2.2384e-001
  2.7809e-001
  3.3823e-001
  4.0388e-001
  4.7201e-001
  5.2681e-001
  5.1733e-001
  3.4869e-001
  7.5368e-002
  8.0523e-001
  1.8488e+000
  3.1959e+000
  4.8325e+000
  6.7455e+000
  8.9231e+000
  1.1355e+001
  1.4032e+001
  1.6945e+001
  2.0086e+001
  2.3446e+001
  2.7019e+001
  3.0795e+001
  3.4767e+001
  3.8928e+001
  4.3269e+001
  4.7783e+001
  5.2462e+001
  5.7297e+001
  6.2280e+001
  6.7404e+001
  7.2659e+001
  7.8039e+001
  8.3533e+001
  8.9134e+001
  9.4833e+001
  1.0062e+002
  1.0649e+002
  1.1243e+002
  1.1843e+002
  1.2449e+002
  1.3060e+002
  1.3673e+002
  1.4290e+002
  1.4908e+002
  1.5528e+002
  1.6147e+002
  1.6766e+002
  1.7382e+002
  1.7996e+002
  1.8606e+002
  1.9212e+002
  1.9813e+002
  2.0407e+002
  2.0994e+002
  2.1573e+002
  2.2143e+002
  2.2703e+002
  2.3253e+002
  2.3791e+002
  2.4316e+002
  2.4829e+002
  2.5328e+002
  2.5811e+002
  2.6280e+002
  2.6732e+002
  2.7166e+002
  2.7583e+002
  2.7981e+002
  2.8359e+002
  2.8718e+002
  2.9055e+002
  2.9371e+002
  2.9664e+002
  2.9934e+002
  3.0180e+002
  3.0402e+002
  3.0598e+002
  3.0768e+002
  3.0911e+002
  3.1026e+002
  3.1111e+002
  3.1167e+002
  3.1191e+002
  3.1180e+002
  3.1133e+002
  3.1044e+002
  3.0908e+002
  3.0748e+002
  3.0624e+002
  3.0554e+002
  3.0536e+002
  3.0571e+002
  3.0666e+002
  3.0831e+002
  3.1086e+002
  3.1470e+002
  3.2084e+002
