n= 105 rhomax= 3
  1.0325e-002
  2.9691e-001
  1.8175e+000
  5.3197e+000
  1.0955e+001
  1.8726e+001
  2.8619e+001
  4.0620e+001
  5.4715e+001
  7.0887e+001
  8.9118e+001
  1.0939e+002
  1.3168e+002
  1.5596e+002
  1.8221e+002
  2.1040e+002
  2.4051e+002
  2.7250e+002
  3.0635e+002
  3.4202e+002
  3.7947e+002
  4.1867e+002
  4.5958e+002
  5.0216e+002
  5.4637e+002
  5.9217e+002
  6.3951e+002
  6.8835e+002
  7.3864e+002
  7.9034e+002
  8.4340e+002
  8.9776e+002
  9.5337e+002
  1.0102e+003
  1.0682e+003
  1.1272e+003
  1.1873e+003
  1.2484e+003
  1.3104e+003
  1.3733e+003
  1.4370e+003
  1.5014e+003
  1.5665e+003
  1.6323e+003
  1.6986e+003
  1.7654e+003
  1.8327e+003
  1.9003e+003
  1.9683e+003
  2.0365e+003
  2.1049e+003
  2.1735e+003
  2.2421e+003
  2.3107e+003
  2.3792e+003
  2.4476e+003
  2.5158e+003
  2.5838e+003
  2.6514e+003
  2.7187e+003
  2.7855e+003
  2.8518e+003
  2.9176e+003
  2.9827e+003
  3.0472e+003
  3.1108e+003
  3.1737e+003
  3.2357e+003
  3.2968e+003
  3.3569e+003
  3.4160e+003
  3.4739e+003
  3.5307e+003
  3.5864e+003
  3.6407e+003
  3.6938e+003
  3.7455e+003
  3.7958e+003
  3.8446e+003
  3.8919e+003
  3.9377e+003
  3.9820e+003
  4.0245e+003
  4.0654e+003
  4.1046e+003
  4.1421e+003
  4.1778e+003
  4.2116e+003
  4.2436e+003
  4.2737e+003
  4.3019e+003
  4.3282e+003
  4.3524e+003
  4.3747e+003
  4.3950e+003
  4.4132e+003
  4.4294e+003
  4.4435e+003
  4.4555e+003
  4.4654e+003
  4.4731e+003
  4.4787e+003
  4.4822e+003
  4.4834e+003
  4.4834e+003
