n= 105 rhomax= 28
  2.2404e-002
  1.1299e-001
  2.7831e-001
  5.2073e-001
  8.4286e-001
  1.2476e+000
  1.7384e+000
  2.3189e+000
  2.9936e+000
  3.7676e+000
  4.6471e+000
  5.6396e+000
  6.7548e+000
  8.0053e+000
  9.4087e+000
  1.0992e+001
  1.2794e+001
  1.4810e+001
  1.6821e+001
  1.8595e+001
  2.0111e+001
  2.1403e+001
  2.2494e+001
  2.3399e+001
  2.4128e+001
  2.4686e+001
  2.5080e+001
  2.5312e+001
  2.5387e+001
  2.5305e+001
  2.5070e+001
  2.4683e+001
  2.4144e+001
  2.3456e+001
  2.2619e+001
  2.1634e+001
  2.0501e+001
  1.9222e+001
  1.7796e+001
  1.6224e+001
  1.4506e+001
  1.2644e+001
  1.0636e+001
  8.4832e+000
  6.1862e+000
  3.7449e+000
  1.1594e+000
  1.5700e+000
  4.4432e+000
  7.4601e+000
  1.0621e+001
  1.3925e+001
  1.7372e+001
  2.0963e+001
  2.4696e+001
  2.8573e+001
  3.2593e+001
  3.6757e+001
  4.1063e+001
  4.5512e+001
  5.0103e+001
  5.4838e+001
  5.9716e+001
  6.4736e+001
  6.9899e+001
  7.5204e+001
  8.0653e+001
  8.6244e+001
  9.1977e+001
  9.7853e+001
  1.0387e+002
  1.1003e+002
  1.1634e+002
  1.2278e+002
  1.2937e+002
  1.3610e+002
  1.4298e+002
  1.4999e+002
  1.5715e+002
  1.6445e+002
  1.7190e+002
  1.7948e+002
  1.8721e+002
  1.9508e+002
  2.0310e+002
  2.1125e+002
  2.1955e+002
  2.2799e+002
  2.3657e+002
  2.4530e+002
  2.5416e+002
  2.6317e+002
  2.7233e+002
  2.8162e+002
  2.9106e+002
  3.0064e+002
  3.1036e+002
  3.2022e+002
  3.3023e+002
  3.4038e+002
  3.5067e+002
  3.6114e+002
  3.7213e+002
  3.8505e+002
  4.0327e+002
