n= 105 rhomax= 33
  3.1221e-002
  1.5802e-001
  3.9087e-001
  7.3476e-001
  1.1956e+000
  1.7803e+000
  2.4975e+000
  3.3581e+000
  4.3763e+000
  5.5719e+000
  6.9751e+000
  8.6319e+000
  1.0537e+001
  1.2428e+001
  1.4028e+001
  1.5315e+001
  1.6328e+001
  1.7091e+001
  1.7617e+001
  1.7915e+001
  1.7994e+001
  1.7856e+001
  1.7507e+001
  1.6947e+001
  1.6180e+001
  1.5206e+001
  1.4028e+001
  1.2646e+001
  1.1062e+001
  9.2751e+000
  7.2868e+000
  5.0975e+000
  2.7077e+000
  1.1755e-001
  2.6725e+000
  5.6622e+000
  8.8513e+000
  1.2240e+001
  1.5827e+001
  1.9613e+001
  2.3599e+001
  2.7782e+001
  3.2165e+001
  3.6746e+001
  4.1525e+001
  4.6502e+001
  5.1678e+001
  5.7052e+001
  6.2624e+001
  6.8394e+001
  7.4363e+001
  8.0529e+001
  8.6893e+001
  9.3455e+001
  1.0022e+002
  1.0717e+002
  1.1433e+002
  1.2168e+002
  1.2923e+002
  1.3698e+002
  1.4493e+002
  1.5308e+002
  1.6142e+002
  1.6996e+002
  1.7870e+002
  1.8763e+002
  1.9677e+002
  2.0610e+002
  2.1563e+002
  2.2535e+002
  2.3528e+002
  2.4540e+002
  2.5572e+002
  2.6624e+002
  2.7695e+002
  2.8787e+002
  2.9898e+002
  3.1028e+002
  3.2179e+002
  3.3349e+002
  3.4539e+002
  3.5749e+002
  3.6979e+002
  3.8228e+002
  3.9497e+002
  4.0786e+002
  4.2095e+002
  4.3423e+002
  4.4771e+002
  4.6139e+002
  4.7527e+002
  4.8935e+002
  5.0362e+002
  5.1809e+002
  5.3275e+002
  5.4762e+002
  5.6268e+002
  5.7794e+002
  5.9340e+002
  6.0905e+002
  6.2491e+002
  6.4096e+002
  6.5723e+002
  6.7410e+002
  6.9474e+002
