n= 205 rhomax= 43
  1.3818e-002
  6.9453e-002
  1.7043e-001
  3.1756e-001
  5.1174e-001
  7.5391e-001
  1.0450e+000
  1.3862e+000
  1.7786e+000
  2.2235e+000
  2.7221e+000
  3.2761e+000
  3.8868e+000
  4.5563e+000
  5.2862e+000
  6.0790e+000
  6.9369e+000
  7.8628e+000
  8.8598e+000
  9.9315e+000
  1.1082e+001
  1.2317e+001
  1.3643e+001
  1.5067e+001
  1.6601e+001
  1.8259e+001
  2.0064e+001
  2.2047e+001
  2.4202e+001
  2.6365e+001
  2.8350e+001
  3.0134e+001
  3.1745e+001
  3.3206e+001
  3.4529e+001
  3.5725e+001
  3.6800e+001
  3.7759e+001
  3.8606e+001
  3.9344e+001
  3.9977e+001
  4.0506e+001
  4.0932e+001
  4.1259e+001
  4.1486e+001
  4.1615e+001
  4.1646e+001
  4.1582e+001
  4.1422e+001
  4.1168e+001
  4.0819e+001
  4.0377e+001
  3.9841e+001
  3.9212e+001
  3.8491e+001
  3.7678e+001
  3.6773e+001
  3.5777e+001
  3.4689e+001
  3.3510e+001
  3.2240e+001
  3.0880e+001
  2.9429e+001
  2.7888e+001
  2.6257e+001
  2.4536e+001
  2.2724e+001
  2.0823e+001
  1.8833e+001
  1.6752e+001
  1.4583e+001
  1.2323e+001
  9.9747e+000
  7.5369e+000
  5.0099e+000
  2.3938e+000
  3.1145e-001
  3.1057e+000
  5.9889e+000
  8.9610e+000
  1.2022e+001
  1.5172e+001
  1.8410e+001
  2.1738e+001
  2.5154e+001
  2.8658e+001
  3.2252e+001
  3.5934e+001
  3.9704e+001
  4.3563e+001
  4.7511e+001
  5.1547e+001
  5.5672e+001
  5.9885e+001
  6.4187e+001
  6.8577e+001
  7.3055e+001
  7.7622e+001
  8.2277e+001
  8.7021e+001
  9.1853e+001
  9.6773e+001
  1.0178e+002
  1.0688e+002
  1.1206e+002
  1.1734e+002
  1.2270e+002
  1.2815e+002
  1.3369e+002
  1.3931e+002
  1.4503e+002
  1.5083e+002
  1.5672e+002
  1.6270e+002
  1.6877e+002
  1.7493e+002
  1.8117e+002
  1.8750e+002
  1.9392e+002
  2.0043e+002
  2.0703e+002
  2.1371e+002
  2.2049e+002
  2.2735e+002
  2.3430e+002
  2.4133e+002
  2.4846e+002
  2.5567e+002
  2.6297e+002
  2.7036e+002
  2.7784e+002
  2.8541e+002
  2.9306e+002
  3.0081e+002
  3.0864e+002
  3.1655e+002
  3.2456e+002
  3.3266e+002
  3.4084e+002
  3.4911e+002
  3.5747e+002
  3.6592e+002
  3.7445e+002
  3.8307e+002
  3.9179e+002
  4.0059e+002
  4.0947e+002
  4.1845e+002
  4.2751e+002
  4.3666e+002
  4.4590e+002
  4.5523e+002
  4.6465e+002
  4.7415e+002
  4.8374e+002
  4.9342e+002
  5.0319e+002
  5.1305e+002
  5.2299e+002
  5.3303e+002
  5.4315e+002
  5.5335e+002
  5.6365e+002
  5.7404e+002
  5.8451e+002
  5.9507e+002
  6.0572e+002
  6.1645e+002
  6.2728e+002
  6.3819e+002
  6.4919e+002
  6.6028e+002
  6.7146e+002
  6.8272e+002
  6.9408e+002
  7.0552e+002
  7.1705e+002
  7.2866e+002
  7.4037e+002
  7.5216e+002
  7.6404e+002
  7.7601e+002
  7.8807e+002
  8.0021e+002
  8.1245e+002
  8.2477e+002
  8.3718e+002
  8.4968e+002
  8.6226e+002
  8.7493e+002
  8.8770e+002
  9.0054e+002
  9.1348e+002
  9.2651e+002
  9.3962e+002
  9.5282e+002
  9.6611e+002
  9.7949e+002
  9.9296e+002
  1.0065e+003
  1.0202e+003
  1.0342e+003
  1.0496e+003
  1.0686e+003
  1.0949e+003
