n= 205 rhomax= 48
  1.7240e-002
  8.6768e-002
  2.1323e-001
  3.9796e-001
  6.4238e-001
  9.4806e-001
  1.3167e+000
  1.7502e+000
  2.2505e+000
  2.8201e+000
  3.4613e+000
  4.1772e+000
  4.9710e+000
  5.8464e+000
  6.8081e+000
  7.8611e+000
  9.0121e+000
  1.0269e+001
  1.1642e+001
  1.3147e+001
  1.4803e+001
  1.6645e+001
  1.8691e+001
  2.0816e+001
  2.2780e+001
  2.4514e+001
  2.6046e+001
  2.7401e+001
  2.8595e+001
  2.9639e+001
  3.0542e+001
  3.1307e+001
  3.1940e+001
  3.2444e+001
  3.2821e+001
  3.3074e+001
  3.3205e+001
  3.3215e+001
  3.3105e+001
  3.2877e+001
  3.2532e+001
  3.2069e+001
  3.1491e+001
  3.0797e+001
  2.9989e+001
  2.9066e+001
  2.8029e+001
  2.6878e+001
  2.5615e+001
  2.4238e+001
  2.2749e+001
  2.1147e+001
  1.9433e+001
  1.7607e+001
  1.5669e+001
  1.3619e+001
  1.1458e+001
  9.1855e+000
  6.8016e+000
  4.3066e+000
  1.7004e+000
  1.0167e+000
  3.8447e+000
  6.7836e+000
  9.8332e+000
  1.2993e+001
  1.6264e+001
  1.9646e+001
  2.3138e+001
  2.6740e+001
  3.0453e+001
  3.4276e+001
  3.8210e+001
  4.2254e+001
  4.6408e+001
  5.0672e+001
  5.5047e+001
  5.9532e+001
  6.4126e+001
  6.8831e+001
  7.3646e+001
  7.8572e+001
  8.3607e+001
  8.8752e+001
  9.4007e+001
  9.9373e+001
  1.0485e+002
  1.1043e+002
  1.1613e+002
  1.2193e+002
  1.2785e+002
  1.3387e+002
  1.4001e+002
  1.4625e+002
  1.5261e+002
  1.5907e+002
  1.6565e+002
  1.7233e+002
  1.7912e+002
  1.8603e+002
  1.9304e+002
  2.0017e+002
  2.0740e+002
  2.1474e+002
  2.2220e+002
  2.2976e+002
  2.3743e+002
  2.4521e+002
  2.5311e+002
  2.6111e+002
  2.6922e+002
  2.7744e+002
  2.8577e+002
  2.9421e+002
  3.0276e+002
  3.1142e+002
  3.2019e+002
  3.2907e+002
  3.3806e+002
  3.4716e+002
  3.5637e+002
  3.6569e+002
  3.7512e+002
  3.8466e+002
  3.9431e+002
  4.0407e+002
  4.1393e+002
  4.2391e+002
  4.3400e+002
  4.4419e+002
  4.5450e+002
  4.6492e+002
  4.7544e+002
  4.8608e+002
  4.9682e+002
  5.0768e+002
  5.1864e+002
  5.2972e+002
  5.4090e+002
  5.5220e+002
  5.6360e+002
  5.7511e+002
  5.8673e+002
  5.9847e+002
  6.1031e+002
  6.2226e+002
  6.3432e+002
  6.4649e+002
  6.5878e+002
  6.7117e+002
  6.8367e+002
  6.9628e+002
  7.0900e+002
  7.2183e+002
  7.3477e+002
  7.4781e+002
  7.6097e+002
  7.7424e+002
  7.8762e+002
  8.0111e+002
  8.1470e+002
  8.2841e+002
  8.4223e+002
  8.5615e+002
  8.7019e+002
  8.8433e+002
  8.9859e+002
  9.1295e+002
  9.2743e+002
  9.4201e+002
  9.5671e+002
  9.7151e+002
  9.8642e+002
  1.0014e+003
  1.0166e+003
  1.0318e+003
  1.0472e+003
  1.0626e+003
  1.0782e+003
  1.0939e+003
  1.1097e+003
  1.1256e+003
  1.1416e+003
  1.1577e+003
  1.1739e+003
  1.1903e+003
  1.2067e+003
  1.2233e+003
  1.2400e+003
  1.2567e+003
  1.2736e+003
  1.2906e+003
  1.3077e+003
  1.3249e+003
  1.3423e+003
  1.3597e+003
  1.3772e+003
  1.3949e+003
  1.4127e+003
  1.4305e+003
  1.4485e+003
  1.4666e+003
  1.4851e+003
  1.5057e+003
  1.5334e+003
