n= 205 rhomax= 28
  5.8422e-003
  2.9274e-002
  7.1596e-002
  1.3294e-001
  2.1346e-001
  3.1329e-001
  4.3258e-001
  5.7148e-001
  7.3015e-001
  9.0875e-001
  1.1074e+000
  1.3264e+000
  1.5658e+000
  1.8258e+000
  2.1066e+000
  2.4084e+000
  2.7314e+000
  3.0758e+000
  3.4418e+000
  3.8295e+000
  4.2394e+000
  4.6714e+000
  5.1260e+000
  5.6033e+000
  6.1037e+000
  6.6272e+000
  7.1744e+000
  7.7453e+000
  8.3404e+000
  8.9598e+000
  9.6041e+000
  1.0273e+001
  1.0968e+001
  1.1689e+001
  1.2435e+001
  1.3209e+001
  1.4009e+001
  1.4837e+001
  1.5692e+001
  1.6576e+001
  1.7489e+001
  1.8432e+001
  1.9404e+001
  2.0408e+001
  2.1442e+001
  2.2509e+001
  2.3608e+001
  2.4741e+001
  2.5909e+001
  2.7112e+001
  2.8351e+001
  2.9629e+001
  3.0945e+001
  3.2301e+001
  3.3700e+001
  3.5142e+001
  3.6629e+001
  3.8165e+001
  3.9751e+001
  4.1390e+001
  4.3087e+001
  4.4845e+001
  4.6671e+001
  4.8572e+001
  5.0558e+001
  5.2644e+001
  5.4852e+001
  5.7189e+001
  5.9578e+001
  6.1880e+001
  6.4043e+001
  6.6084e+001
  6.8021e+001
  6.9867e+001
  7.1633e+001
  7.3323e+001
  7.4942e+001
  7.6496e+001
  7.7986e+001
  7.9416e+001
  8.0788e+001
  8.2103e+001
  8.3364e+001
  8.4571e+001
  8.5726e+001
  8.6829e+001
  8.7883e+001
  8.8887e+001
  8.9843e+001
  9.0751e+001
  9.1612e+001
  9.2426e+001
  9.3194e+001
  9.3917e+001
  9.4595e+001
  9.5228e+001
  9.5817e+001
  9.6362e+001
  9.6863e+001
  9.7321e+001
  9.7736e+001
  9.8109e+001
  9.8439e+001
  9.8727e+001
  9.8972e+001
  9.9176e+001
  9.9339e+001
  9.9460e+001
  9.9540e+001
  9.9578e+001
  9.9576e+001
  9.9533e+001
  9.9449e+001
  9.9325e+001
  9.9161e+001
  9.8956e+001
  9.8711e+001
  9.8426e+001
  9.8101e+001
  9.7736e+001
  9.7332e+001
  9.6888e+001
  9.6404e+001
  9.5880e+001
  9.5318e+001
  9.4716e+001
  9.4074e+001
  9.3394e+001
  9.2674e+001
  9.1915e+001
  9.1117e+001
  9.0281e+001
  8.9405e+001
  8.8490e+001
  8.7537e+001
  8.6544e+001
  8.5513e+001
  8.4444e+001
  8.3335e+001
  8.2188e+001
  8.1003e+001
  7.9779e+001
  7.8516e+001
  7.7215e+001
  7.5876e+001
  7.4498e+001
  7.3081e+001
  7.1627e+001
  7.0134e+001
  6.8603e+001
  6.7033e+001
  6.5426e+001
  6.3780e+001
  6.2096e+001
  6.0374e+001
  5.8613e+001
  5.6815e+001
  5.4978e+001
  5.3103e+001
  5.1191e+001
  4.9240e+001
  4.7251e+001
  4.5225e+001
  4.3160e+001
  4.1057e+001
  3.8916e+001
  3.6738e+001
  3.4521e+001
  3.2267e+001
  2.9975e+001
  2.7644e+001
  2.5276e+001
  2.2870e+001
  2.0427e+001
  1.7945e+001
  1.5426e+001
  1.2869e+001
  1.0274e+001
  7.6409e+000
  4.9704e+000
  2.2621e+000
  4.8389e-001
  3.2677e+000
  6.0894e+000
  8.9495e+000
  1.1851e+001
  1.4802e+001
  1.7827e+001
  2.0981e+001
  2.4347e+001
  2.8017e+001
  3.2065e+001
  3.6540e+001
  4.1477e+001
  4.6907e+001
  5.2868e+001
  5.9410e+001
  6.6598e+001
  7.4524e+001
  8.3312e+001
  9.3143e+001
  1.0429e+002
  1.1721e+002
  1.3279e+002
  1.5331e+002
