n= 205 rhomax= 23
  3.9393e-003
  1.9725e-002
  4.8204e-002
  8.9438e-002
  1.4349e-001
  2.1042e-001
  2.9030e-001
  3.8319e-001
  4.8916e-001
  6.0827e-001
  7.4061e-001
  8.8622e-001
  1.0452e+000
  1.2176e+000
  1.4035e+000
  1.6030e+000
  1.8162e+000
  2.0430e+000
  2.2837e+000
  2.5384e+000
  2.8069e+000
  3.0896e+000
  3.3864e+000
  3.6974e+000
  4.0228e+000
  4.3626e+000
  4.7169e+000
  5.0859e+000
  5.4695e+000
  5.8680e+000
  6.2814e+000
  6.7097e+000
  7.1533e+000
  7.6120e+000
  8.0861e+000
  8.5757e+000
  9.0809e+000
  9.6017e+000
  1.0138e+001
  1.0691e+001
  1.1260e+001
  1.1845e+001
  1.2446e+001
  1.3064e+001
  1.3698e+001
  1.4350e+001
  1.5018e+001
  1.5703e+001
  1.6406e+001
  1.7126e+001
  1.7863e+001
  1.8619e+001
  1.9392e+001
  2.0184e+001
  2.0994e+001
  2.1822e+001
  2.2670e+001
  2.3536e+001
  2.4422e+001
  2.5327e+001
  2.6252e+001
  2.7196e+001
  2.8161e+001
  2.9147e+001
  3.0153e+001
  3.1181e+001
  3.2230e+001
  3.3300e+001
  3.4393e+001
  3.5508e+001
  3.6646e+001
  3.7808e+001
  3.8993e+001
  4.0202e+001
  4.1436e+001
  4.2695e+001
  4.3980e+001
  4.5291e+001
  4.6630e+001
  4.7995e+001
  4.9389e+001
  5.0812e+001
  5.2265e+001
  5.3749e+001
  5.5265e+001
  5.6814e+001
  5.8397e+001
  6.0015e+001
  6.1671e+001
  6.3366e+001
  6.5101e+001
  6.6880e+001
  6.8706e+001
  7.0580e+001
  7.2508e+001
  7.4495e+001
  7.6548e+001
  7.8676e+001
  8.0893e+001
  8.3217e+001
  8.5650e+001
  8.8114e+001
  9.0497e+001
  9.2764e+001
  9.4926e+001
  9.7002e+001
  9.9003e+001
  1.0094e+002
  1.0281e+002
  1.0462e+002
  1.0638e+002
  1.0809e+002
  1.0975e+002
  1.1136e+002
  1.1293e+002
  1.1446e+002
  1.1594e+002
  1.1739e+002
  1.1879e+002
  1.2015e+002
  1.2148e+002
  1.2277e+002
  1.2402e+002
  1.2524e+002
  1.2642e+002
  1.2756e+002
  1.2867e+002
  1.2975e+002
  1.3079e+002
  1.3180e+002
  1.3278e+002
  1.3372e+002
  1.3464e+002
  1.3552e+002
  1.3637e+002
  1.3718e+002
  1.3797e+002
  1.3873e+002
  1.3945e+002
  1.4015e+002
  1.4081e+002
  1.4144e+002
  1.4205e+002
  1.4262e+002
  1.4317e+002
  1.4368e+002
  1.4417e+002
  1.4463e+002
  1.4505e+002
  1.4545e+002
  1.4582e+002
  1.4617e+002
  1.4648e+002
  1.4676e+002
  1.4702e+002
  1.4725e+002
  1.4745e+002
  1.4762e+002
  1.4776e+002
  1.4788e+002
  1.4797e+002
  1.4803e+002
  1.4806e+002
  1.4806e+002
  1.4802e+002
  1.4794e+002
  1.4781e+002
  1.4761e+002
  1.4733e+002
  1.4695e+002
  1.4647e+002
  1.4587e+002
  1.4514e+002
  1.4430e+002
  1.4332e+002
  1.4222e+002
  1.4098e+002
  1.3961e+002
  1.3811e+002
  1.3646e+002
  1.3466e+002
  1.3271e+002
  1.3061e+002
  1.2834e+002
  1.2589e+002
  1.2326e+002
  1.2044e+002
  1.1741e+002
  1.1417e+002
  1.1070e+002
  1.0697e+002
  1.0298e+002
  9.8687e+001
  9.4076e+001
  8.9110e+001
  8.3747e+001
  7.7937e+001
  7.1615e+001
  6.4697e+001
  5.7070e+001
  4.8574e+001
  3.8965e+001
  2.7844e+001
  1.4440e+001
  3.2418e+000
