n= 205 rhomax= 18
  2.4114e-003
  1.2068e-002
  2.9473e-002
  5.4650e-002
  8.7622e-002
  1.2841e-001
  1.7704e-001
  2.3354e-001
  2.9793e-001
  3.7023e-001
  4.5046e-001
  5.3866e-001
  6.3485e-001
  7.3905e-001
  8.5129e-001
  9.7159e-001
  1.1000e+000
  1.2365e+000
  1.3811e+000
  1.5340e+000
  1.6950e+000
  1.8642e+000
  2.0417e+000
  2.2275e+000
  2.4216e+000
  2.6240e+000
  2.8348e+000
  3.0540e+000
  3.2816e+000
  3.5176e+000
  3.7622e+000
  4.0152e+000
  4.2768e+000
  4.5470e+000
  4.8258e+000
  5.1133e+000
  5.4094e+000
  5.7142e+000
  6.0278e+000
  6.3502e+000
  6.6813e+000
  7.0213e+000
  7.3702e+000
  7.7280e+000
  8.0948e+000
  8.4706e+000
  8.8553e+000
  9.2492e+000
  9.6521e+000
  1.0064e+001
  1.0485e+001
  1.0916e+001
  1.1356e+001
  1.1805e+001
  1.2263e+001
  1.2731e+001
  1.3208e+001
  1.3695e+001
  1.4191e+001
  1.4697e+001
  1.5212e+001
  1.5737e+001
  1.6272e+001
  1.6816e+001
  1.7371e+001
  1.7935e+001
  1.8509e+001
  1.9093e+001
  1.9687e+001
  2.0291e+001
  2.0905e+001
  2.1529e+001
  2.2164e+001
  2.2808e+001
  2.3463e+001
  2.4129e+001
  2.4805e+001
  2.5491e+001
  2.6188e+001
  2.6896e+001
  2.7614e+001
  2.8342e+001
  2.9079e+001
  2.9824e+001
  3.0573e+001
  3.1321e+001
  3.2063e+001
  3.2789e+001
  3.3492e+001
  3.4168e+001
  3.4812e+001
  3.5423e+001
  3.6003e+001
  3.6554e+001
  3.7077e+001
  3.7576e+001
  3.8053e+001
  3.8511e+001
  3.8953e+001
  3.9379e+001
  3.9794e+001
  4.0198e+001
  4.0594e+001
  4.0984e+001
  4.1369e+001
  4.1752e+001
  4.2132e+001
  4.2514e+001
  4.2897e+001
  4.3284e+001
  4.3676e+001
  4.4074e+001
  4.4481e+001
  4.4897e+001
  4.5323e+001
  4.5762e+001
  4.6215e+001
  4.6683e+001
  4.7168e+001
  4.7671e+001
  4.8193e+001
  4.8737e+001
  4.9303e+001
  4.9893e+001
  5.0509e+001
  5.1151e+001
  5.1823e+001
  5.2525e+001
  5.3258e+001
  5.4026e+001
  5.4829e+001
  5.5669e+001
  5.6549e+001
  5.7470e+001
  5.8435e+001
  5.9446e+001
  6.0505e+001
  6.1615e+001
  6.2779e+001
  6.4001e+001
  6.5283e+001
  6.6631e+001
  6.8049e+001
  6.9543e+001
  7.1121e+001
  7.2791e+001
  7.4566e+001
  7.6465e+001
  7.8515e+001
  8.0726e+001
  8.2994e+001
  8.5143e+001
  8.7118e+001
  8.8941e+001
  9.0633e+001
  9.2207e+001
  9.3674e+001
  9.5039e+001
  9.6307e+001
  9.7480e+001
  9.8561e+001
  9.9552e+001
  1.0045e+002
  1.0127e+002
  1.0199e+002
  1.0263e+002
  1.0317e+002
  1.0363e+002
  1.0400e+002
  1.0427e+002
  1.0445e+002
  1.0453e+002
  1.0452e+002
  1.0441e+002
  1.0420e+002
  1.0388e+002
  1.0345e+002
  1.0291e+002
  1.0226e+002
  1.0149e+002
  1.0059e+002
  9.9564e+001
  9.8404e+001
  9.7103e+001
  9.5653e+001
  9.4047e+001
  9.2277e+001
  9.0332e+001
  8.8200e+001
  8.5870e+001
  8.3325e+001
  8.0550e+001
  7.7523e+001
  7.4221e+001
  7.0616e+001
  6.6673e+001
  6.2347e+001
  5.7586e+001
  5.2317e+001
  4.6444e+001
  3.9831e+001
  3.2273e+001
  2.3429e+001
  1.2645e+001
  1.7717e+000
