n= 205 rhomax= 38
  1.0780e-002
  5.4117e-002
  1.3262e-001
  2.4679e-001
  3.9712e-001
  5.8416e-001
  8.0848e-001
  1.0707e+000
  1.3713e+000
  1.7112e+000
  2.0909e+000
  2.5112e+000
  2.9729e+000
  3.4768e+000
  4.0239e+000
  4.6151e+000
  5.2514e+000
  5.9340e+000
  6.6641e+000
  7.4430e+000
  8.2722e+000
  9.1531e+000
  1.0088e+001
  1.1078e+001
  1.2126e+001
  1.3234e+001
  1.4405e+001
  1.5643e+001
  1.6951e+001
  1.8333e+001
  1.9797e+001
  2.1348e+001
  2.2997e+001
  2.4756e+001
  2.6645e+001
  2.8693e+001
  3.0902e+001
  3.3141e+001
  3.5236e+001
  3.7151e+001
  3.8910e+001
  4.0535e+001
  4.2040e+001
  4.3434e+001
  4.4724e+001
  4.5916e+001
  4.7012e+001
  4.8017e+001
  4.8934e+001
  4.9763e+001
  5.0508e+001
  5.1170e+001
  5.1750e+001
  5.2250e+001
  5.2671e+001
  5.3012e+001
  5.3277e+001
  5.3464e+001
  5.3574e+001
  5.3610e+001
  5.3569e+001
  5.3454e+001
  5.3265e+001
  5.3002e+001
  5.2665e+001
  5.2255e+001
  5.1772e+001
  5.1216e+001
  5.0588e+001
  4.9888e+001
  4.9115e+001
  4.8271e+001
  4.7355e+001
  4.6367e+001
  4.5309e+001
  4.4179e+001
  4.2978e+001
  4.1706e+001
  4.0363e+001
  3.8950e+001
  3.7466e+001
  3.5911e+001
  3.4286e+001
  3.2591e+001
  3.0826e+001
  2.8990e+001
  2.7084e+001
  2.5108e+001
  2.3062e+001
  2.0947e+001
  1.8761e+001
  1.6506e+001
  1.4180e+001
  1.1785e+001
  9.3206e+000
  6.7863e+000
  4.1824e+000
  1.5089e+000
  1.2342e+000
  4.0467e+000
  6.9287e+000
  9.8802e+000
  1.2901e+001
  1.5991e+001
  1.9151e+001
  2.2380e+001
  2.5678e+001
  2.9046e+001
  3.2483e+001
  3.5989e+001
  3.9564e+001
  4.3208e+001
  4.6922e+001
  5.0705e+001
  5.4557e+001
  5.8478e+001
  6.2469e+001
  6.6528e+001
  7.0657e+001
  7.4854e+001
  7.9121e+001
  8.3457e+001
  8.7862e+001
  9.2336e+001
  9.6879e+001
  1.0149e+002
  1.0617e+002
  1.1092e+002
  1.1574e+002
  1.2063e+002
  1.2559e+002
  1.3061e+002
  1.3571e+002
  1.4087e+002
  1.4610e+002
  1.5140e+002
  1.5678e+002
  1.6222e+002
  1.6772e+002
  1.7330e+002
  1.7895e+002
  1.8466e+002
  1.9045e+002
  1.9630e+002
  2.0222e+002
  2.0821e+002
  2.1427e+002
  2.2040e+002
  2.2660e+002
  2.3287e+002
  2.3920e+002
  2.4561e+002
  2.5208e+002
  2.5862e+002
  2.6523e+002
  2.7191e+002
  2.7866e+002
  2.8548e+002
  2.9236e+002
  2.9932e+002
  3.0634e+002
  3.1343e+002
  3.2059e+002
  3.2782e+002
  3.3512e+002
  3.4249e+002
  3.4993e+002
  3.5743e+002
  3.6501e+002
  3.7265e+002
  3.8036e+002
  3.8814e+002
  3.9599e+002
  4.0391e+002
  4.1190e+002
  4.1996e+002
  4.2808e+002
  4.3627e+002
  4.4454e+002
  4.5287e+002
  4.6127e+002
  4.6974e+002
  4.7827e+002
  4.8688e+002
  4.9555e+002
  5.0430e+002
  5.1311e+002
  5.2199e+002
  5.3094e+002
  5.3996e+002
  5.4905e+002
  5.5821e+002
  5.6743e+002
  5.7673e+002
  5.8609e+002
  5.9552e+002
  6.0502e+002
  6.1459e+002
  6.2426e+002
  6.3416e+002
  6.4474e+002
  6.5685e+002
  6.7145e+002
  6.8975e+002
  7.1460e+002
