n= 205 rhomax= 13
  1.2573e-003
  6.2892e-003
  1.5353e-002
  2.8456e-002
  4.5602e-002
  6.6799e-002
  9.2053e-002
  1.2137e-001
  1.5476e-001
  1.9222e-001
  2.3376e-001
  2.7940e-001
  3.2912e-001
  3.8295e-001
  4.4089e-001
  5.0294e-001
  5.6911e-001
  6.3941e-001
  7.1384e-001
  7.9242e-001
  8.7514e-001
  9.6202e-001
  1.0531e+000
  1.1483e+000
  1.2476e+000
  1.3512e+000
  1.4589e+000
  1.5709e+000
  1.6870e+000
  1.8074e+000
  1.9320e+000
  2.0608e+000
  2.1938e+000
  2.3311e+000
  2.4726e+000
  2.6182e+000
  2.7679e+000
  2.9205e+000
  3.0729e+000
  3.2160e+000
  3.3308e+000
  3.3872e+000
  3.3514e+000
  3.1973e+000
  2.9117e+000
  2.4922e+000
  1.9425e+000
  1.2682e+000
  4.7534e-001
  4.3061e-001
  1.4447e+000
  2.5626e+000
  3.7804e+000
  5.0946e+000
  6.5022e+000
  8.0002e+000
  9.5860e+000
  1.1257e+001
  1.3011e+001
  1.4846e+001
  1.6759e+001
  1.8748e+001
  2.0812e+001
  2.2948e+001
  2.5155e+001
  2.7430e+001
  2.9772e+001
  3.2178e+001
  3.4648e+001
  3.7178e+001
  3.9768e+001
  4.2416e+001
  4.5119e+001
  4.7876e+001
  5.0685e+001
  5.3545e+001
  5.6453e+001
  5.9408e+001
  6.2408e+001
  6.5451e+001
  6.8536e+001
  7.1661e+001
  7.4823e+001
  7.8022e+001
  8.1254e+001
  8.4520e+001
  8.7816e+001
  9.1142e+001
  9.4494e+001
  9.7872e+001
  1.0127e+002
  1.0470e+002
  1.0814e+002
  1.1160e+002
  1.1508e+002
  1.1857e+002
  1.2208e+002
  1.2559e+002
  1.2912e+002
  1.3265e+002
  1.3619e+002
  1.3973e+002
  1.4328e+002
  1.4682e+002
  1.5036e+002
  1.5390e+002
  1.5744e+002
  1.6096e+002
  1.6448e+002
  1.6799e+002
  1.7148e+002
  1.7496e+002
  1.7843e+002
  1.8187e+002
  1.8530e+002
  1.8870e+002
  1.9208e+002
  1.9544e+002
  1.9877e+002
  2.0207e+002
  2.0534e+002
  2.0858e+002
  2.1178e+002
  2.1495e+002
  2.1808e+002
  2.2117e+002
  2.2422e+002
  2.2723e+002
  2.3020e+002
  2.3311e+002
  2.3598e+002
  2.3880e+002
  2.4157e+002
  2.4429e+002
  2.4695e+002
  2.4956e+002
  2.5210e+002
  2.5459e+002
  2.5702e+002
  2.5938e+002
  2.6168e+002
  2.6391e+002
  2.6607e+002
  2.6817e+002
  2.7019e+002
  2.7214e+002
  2.7401e+002
  2.7581e+002
  2.7753e+002
  2.7917e+002
  2.8073e+002
  2.8220e+002
  2.8359e+002
  2.8490e+002
  2.8611e+002
  2.8723e+002
  2.8826e+002
  2.8920e+002
  2.9004e+002
  2.9078e+002
  2.9142e+002
  2.9196e+002
  2.9239e+002
  2.9271e+002
  2.9292e+002
  2.9302e+002
  2.9300e+002
  2.9285e+002
  2.9259e+002
  2.9219e+002
  2.9165e+002
  2.9097e+002
  2.9014e+002
  2.8914e+002
  2.8796e+002
  2.8658e+002
  2.8496e+002
  2.8307e+002
  2.8108e+002
  2.7930e+002
  2.7780e+002
  2.7654e+002
  2.7551e+002
  2.7467e+002
  2.7404e+002
  2.7360e+002
  2.7335e+002
  2.7330e+002
  2.7345e+002
  2.7381e+002
  2.7439e+002
  2.7519e+002
  2.7623e+002
  2.7754e+002
  2.7912e+002
  2.8101e+002
  2.8324e+002
  2.8586e+002
  2.8892e+002
  2.9249e+002
  2.9670e+002
  3.0170e+002
  3.0778e+002
  3.1545e+002
  3.2610e+002
