n= 205 rhomax= 33
  8.1217e-003
  4.0732e-002
  9.9710e-002
  1.8533e-001
  2.9786e-001
  4.3761e-001
  6.0487e-001
  7.9996e-001
  1.0232e+000
  1.2749e+000
  1.5555e+000
  1.8653e+000
  2.2046e+000
  2.5740e+000
  2.9737e+000
  3.4043e+000
  3.8662e+000
  4.3598e+000
  4.8858e+000
  5.4445e+000
  6.0367e+000
  6.6627e+000
  7.3234e+000
  8.0193e+000
  8.7512e+000
  9.5198e+000
  1.0326e+001
  1.1170e+001
  1.2054e+001
  1.2978e+001
  1.3944e+001
  1.4952e+001
  1.6004e+001
  1.7101e+001
  1.8246e+001
  1.9438e+001
  2.0682e+001
  2.1978e+001
  2.3330e+001
  2.4740e+001
  2.6212e+001
  2.7750e+001
  2.9359e+001
  3.1046e+001
  3.2819e+001
  3.4690e+001
  3.6676e+001
  3.8803e+001
  4.1074e+001
  4.3386e+001
  4.5583e+001
  4.7620e+001
  4.9518e+001
  5.1298e+001
  5.2974e+001
  5.4555e+001
  5.6047e+001
  5.7455e+001
  5.8784e+001
  6.0037e+001
  6.1216e+001
  6.2323e+001
  6.3361e+001
  6.4331e+001
  6.5235e+001
  6.6073e+001
  6.6848e+001
  6.7559e+001
  6.8208e+001
  6.8795e+001
  6.9321e+001
  6.9787e+001
  7.0194e+001
  7.0541e+001
  7.0829e+001
  7.1060e+001
  7.1232e+001
  7.1347e+001
  7.1404e+001
  7.1405e+001
  7.1349e+001
  7.1237e+001
  7.1068e+001
  7.0844e+001
  7.0564e+001
  7.0229e+001
  6.9838e+001
  6.9393e+001
  6.8892e+001
  6.8336e+001
  6.7726e+001
  6.7061e+001
  6.6342e+001
  6.5569e+001
  6.4741e+001
  6.3859e+001
  6.2924e+001
  6.1934e+001
  6.0891e+001
  5.9794e+001
  5.8643e+001
  5.7439e+001
  5.6181e+001
  5.4870e+001
  5.3505e+001
  5.2087e+001
  5.0616e+001
  4.9092e+001
  4.7514e+001
  4.5884e+001
  4.4200e+001
  4.2464e+001
  4.0674e+001
  3.8832e+001
  3.6936e+001
  3.4988e+001
  3.2987e+001
  3.0933e+001
  2.8827e+001
  2.6668e+001
  2.4456e+001
  2.2191e+001
  1.9874e+001
  1.7504e+001
  1.5082e+001
  1.2607e+001
  1.0080e+001
  7.4997e+000
  4.8673e+000
  2.1824e+000
  5.5484e-001
  3.3445e+000
  6.1867e+000
  9.0811e+000
  1.2028e+001
  1.5027e+001
  1.8079e+001
  2.1183e+001
  2.4339e+001
  2.7547e+001
  3.0808e+001
  3.4121e+001
  3.7486e+001
  4.0904e+001
  4.4374e+001
  4.7896e+001
  5.1470e+001
  5.5096e+001
  5.8775e+001
  6.2506e+001
  6.6289e+001
  7.0124e+001
  7.4011e+001
  7.7950e+001
  8.1942e+001
  8.5985e+001
  9.0081e+001
  9.4229e+001
  9.8429e+001
  1.0268e+002
  1.0699e+002
  1.1134e+002
  1.1575e+002
  1.2021e+002
  1.2472e+002
  1.2929e+002
  1.3390e+002
  1.3857e+002
  1.4329e+002
  1.4807e+002
  1.5289e+002
  1.5777e+002
  1.6270e+002
  1.6768e+002
  1.7271e+002
  1.7779e+002
  1.8293e+002
  1.8812e+002
  1.9336e+002
  1.9865e+002
  2.0400e+002
  2.0940e+002
  2.1484e+002
  2.2035e+002
  2.2590e+002
  2.3150e+002
  2.3716e+002
  2.4287e+002
  2.4863e+002
  2.5444e+002
  2.6031e+002
  2.6622e+002
  2.7219e+002
  2.7821e+002
  2.8430e+002
  2.9051e+002
  2.9698e+002
  3.0400e+002
  3.1187e+002
  3.2086e+002
  3.3121e+002
  3.4320e+002
  3.5734e+002
  3.7459e+002
  3.9750e+002
