n= 205 rhomax= 8
  4.7599e-004
  2.3804e-003
  5.8092e-003
  1.0763e-002
  1.7244e-002
  2.5251e-002
  3.4786e-002
  4.5850e-002
  5.8444e-002
  7.2564e-002
  8.8152e-002
  1.0457e-001
  1.1703e-001
  1.0241e-001
  6.9149e-003
  3.2145e-001
  9.3760e-001
  1.8980e+000
  3.2068e+000
  4.8547e+000
  6.8311e+000
  9.1265e+000
  1.1733e+001
  1.4646e+001
  1.7859e+001
  2.1367e+001
  2.5168e+001
  2.9257e+001
  3.3632e+001
  3.8288e+001
  4.3225e+001
  4.8437e+001
  5.3924e+001
  5.9682e+001
  6.5708e+001
  7.2000e+001
  7.8555e+001
  8.5370e+001
  9.2442e+001
  9.9769e+001
  1.0735e+002
  1.1518e+002
  1.2325e+002
  1.3157e+002
  1.4013e+002
  1.4892e+002
  1.5795e+002
  1.6721e+002
  1.7670e+002
  1.8641e+002
  1.9635e+002
  2.0650e+002
  2.1687e+002
  2.2744e+002
  2.3823e+002
  2.4922e+002
  2.6042e+002
  2.7181e+002
  2.8339e+002
  2.9516e+002
  3.0712e+002
  3.1927e+002
  3.3159e+002
  3.4409e+002
  3.5676e+002
  3.6959e+002
  3.8259e+002
  3.9575e+002
  4.0907e+002
  4.2253e+002
  4.3615e+002
  4.4990e+002
  4.6380e+002
  4.7783e+002
  4.9199e+002
  5.0628e+002
  5.2069e+002
  5.3522e+002
  5.4987e+002
  5.6462e+002
  5.7948e+002
  5.9443e+002
  6.0949e+002
  6.2464e+002
  6.3987e+002
  6.5519e+002
  6.7058e+002
  6.8605e+002
  7.0159e+002
  7.1719e+002
  7.3285e+002
  7.4857e+002
  7.6434e+002
  7.8016e+002
  7.9601e+002
  8.1191e+002
  8.2784e+002
  8.4379e+002
  8.5977e+002
  8.7577e+002
  8.9178e+002
  9.0780e+002
  9.2382e+002
  9.3985e+002
  9.5587e+002
  9.7188e+002
  9.8788e+002
  1.0039e+003
  1.0198e+003
  1.0357e+003
  1.0516e+003
  1.0675e+003
  1.0833e+003
  1.0991e+003
  1.1148e+003
  1.1305e+003
  1.1461e+003
  1.1616e+003
  1.1771e+003
  1.1925e+003
  1.2078e+003
  1.2230e+003
  1.2382e+003
  1.2532e+003
  1.2682e+003
  1.2830e+003
  1.2978e+003
  1.3124e+003
  1.3270e+003
  1.3414e+003
  1.3557e+003
  1.3698e+003
  1.3838e+003
  1.3977e+003
  1.4115e+003
  1.4251e+003
  1.4386e+003
  1.4519e+003
  1.4651e+003
  1.4781e+003
  1.4909e+003
  1.5036e+003
  1.5161e+003
  1.5284e+003
  1.5405e+003
  1.5525e+003
  1.5643e+003
  1.5758e+003
  1.5872e+003
  1.5984e+003
  1.6094e+003
  1.6202e+003
  1.6308e+003
  1.6412e+003
  1.6513e+003
  1.6612e+003
  1.6710e+003
  1.6804e+003
  1.6897e+003
  1.6987e+003
  1.7075e+003
  1.7161e+003
  1.7244e+003
  1.7325e+003
  1.7403e+003
  1.7479e+003
  1.7552e+003
  1.7623e+003
  1.7691e+003
  1.7757e+003
  1.7820e+003
  1.7880e+003
  1.7938e+003
  1.7992e+003
  1.8045e+003
  1.8094e+003
  1.8141e+003
  1.8185e+003
  1.8226e+003
  1.8264e+003
  1.8299e+003
  1.8331e+003
  1.8361e+003
  1.8387e+003
  1.8411e+003
  1.8431e+003
  1.8448e+003
  1.8462e+003
  1.8473e+003
  1.8481e+003
  1.8485e+003
  1.8485e+003
  1.8482e+003
  1.8474e+003
  1.8462e+003
  1.8446e+003
  1.8433e+003
  1.8426e+003
  1.8424e+003
  1.8427e+003
  1.8436e+003
  1.8453e+003
  1.8478e+003
  1.8516e+003
  1.8578e+003
