n= 105 rhomax= 43
  5.3454e-002
  2.7319e-001
  6.8388e-001
  1.3045e+000
  2.1622e+000
  3.2989e+000
  4.7761e+000
  6.5188e+000
  8.0794e+000
  9.1921e+000
  9.8777e+000
  1.0172e+001
  1.0094e+001
  9.6562e+000
  8.8645e+000
  7.7239e+000
  6.2377e+000
  4.4080e+000
  2.2367e+000
  2.7509e-001
  3.1264e+000
  6.3164e+000
  9.8446e+000
  1.3711e+001
  1.7914e+001
  2.2454e+001
  2.7331e+001
  3.2545e+001
  3.8095e+001
  4.3982e+001
  5.0205e+001
  5.6764e+001
  6.3659e+001
  7.0890e+001
  7.8456e+001
  8.6359e+001
  9.4597e+001
  1.0317e+002
  1.1208e+002
  1.2133e+002
  1.3091e+002
  1.4083e+002
  1.5108e+002
  1.6167e+002
  1.7259e+002
  1.8385e+002
  1.9544e+002
  2.0737e+002
  2.1964e+002
  2.3224e+002
  2.4518e+002
  2.5845e+002
  2.7206e+002
  2.8600e+002
  3.0028e+002
  3.1490e+002
  3.2985e+002
  3.4513e+002
  3.6075e+002
  3.7671e+002
  3.9300e+002
  4.0963e+002
  4.2659e+002
  4.4389e+002
  4.6152e+002
  4.7949e+002
  4.9780e+002
  5.1644e+002
  5.3541e+002
  5.5472e+002
  5.7437e+002
  5.9435e+002
  6.1467e+002
  6.3532e+002
  6.5631e+002
  6.7764e+002
  6.9929e+002
  7.2129e+002
  7.4362e+002
  7.6628e+002
  7.8929e+002
  8.1262e+002
  8.3629e+002
  8.6030e+002
  8.8464e+002
  9.0932e+002
  9.3433e+002
  9.5968e+002
  9.8537e+002
  1.0114e+003
  1.0377e+003
  1.0644e+003
  1.0915e+003
  1.1188e+003
  1.1465e+003
  1.1745e+003
  1.2029e+003
  1.2316e+003
  1.2607e+003
  1.2900e+003
  1.3197e+003
  1.3498e+003
  1.3802e+003
  1.4109e+003
  1.4429e+003
