n= 105 rhomax= 18
    0.0092
    0.0462
    0.1132
    0.2105
    0.3386
    0.4976
    0.6882
    0.9107
    1.1654
    1.4530
    1.7738
    2.1284
    2.5172
    2.9409
    3.4000
    3.8951
    4.4269
    4.9960
    5.6033
    6.2494
    6.9352
    7.6616
    8.4296
    9.2402
   10.0946
   10.9938
   11.9394
   12.9326
   13.9753
   15.0690
   16.2160
   17.4183
   18.6788
   20.0002
   21.3862
   22.8410
   24.3696
   25.9786
   27.6762
   29.4739
   31.3886
   33.4450
   35.6590
   37.9481
   40.1382
   42.1592
   44.0288
   45.7696
   47.3968
   48.9204
   50.3476
   51.6840
   52.9337
   54.1001
   55.1861
   56.1940
   57.1257
   57.9830
   58.7673
   59.4798
   60.1216
   60.6938
   61.1971
   61.6325
   62.0004
   62.3017
   62.5367
   62.7062
   62.8104
   62.8498
   62.8248
   62.7358
   62.5831
   62.3669
   62.0876
   61.7454
   61.3406
   60.8733
   60.3437
   59.7521
   59.0986
   58.3833
   57.6065
   56.7683
   55.8687
   54.9080
   53.8860
   52.8025
   51.6552
   50.4364
   49.1243
   47.6713
   46.0043
   44.0416
   41.7145
   38.9708
   35.7641
   32.0425
   27.7380
   22.7567
   16.9623
   10.1467
    1.9632
    8.2559
   22.2376
