n= 105 rhomax= 38
  4.1559e-002
  2.1127e-001
  5.2535e-001
  9.9372e-001
  1.6290e+000
  2.4477e+000
  3.4733e+000
  4.7420e+000
  6.3076e+000
  8.1342e+000
  9.8649e+000
  1.1225e+001
  1.2220e+001
  1.2887e+001
  1.3248e+001
  1.3315e+001
  1.3097e+001
  1.2599e+001
  1.1826e+001
  1.0779e+001
  9.4622e+000
  7.8758e+000
  6.0216e+000
  3.9005e+000
  1.5133e+000
  1.1393e+000
  4.0569e+000
  7.2390e+000
  1.0685e+001
  1.4395e+001
  1.8369e+001
  2.2606e+001
  2.7107e+001
  3.1870e+001
  3.6896e+001
  4.2186e+001
  4.7738e+001
  5.3552e+001
  5.9630e+001
  6.5969e+001
  7.2572e+001
  7.9436e+001
  8.6563e+001
  9.3953e+001
  1.0160e+002
  1.0952e+002
  1.1769e+002
  1.2613e+002
  1.3483e+002
  1.4380e+002
  1.5302e+002
  1.6251e+002
  1.7226e+002
  1.8227e+002
  1.9254e+002
  2.0308e+002
  2.1388e+002
  2.2494e+002
  2.3626e+002
  2.4784e+002
  2.5969e+002
  2.7180e+002
  2.8417e+002
  2.9680e+002
  3.0969e+002
  3.2285e+002
  3.3627e+002
  3.4995e+002
  3.6389e+002
  3.7809e+002
  3.9256e+002
  4.0729e+002
  4.2228e+002
  4.3753e+002
  4.5304e+002
  4.6882e+002
  4.8486e+002
  5.0116e+002
  5.1772e+002
  5.3455e+002
  5.5163e+002
  5.6898e+002
  5.8659e+002
  6.0446e+002
  6.2260e+002
  6.4099e+002
  6.5965e+002
  6.7857e+002
  6.9775e+002
  7.1720e+002
  7.3690e+002
  7.5687e+002
  7.7710e+002
  7.9759e+002
  8.1834e+002
  8.3936e+002
  8.6064e+002
  8.8218e+002
  9.0398e+002
  9.2604e+002
  9.4837e+002
  9.7096e+002
  9.9381e+002
  1.0170e+003
  1.0423e+003
