n= 105 rhomax= 13
    0.0048
    0.0240
    0.0588
    0.1091
    0.1750
    0.2568
    0.3544
    0.4679
    0.5976
    0.7434
    0.9055
    1.0840
    1.2789
    1.4905
    1.7188
    1.9640
    2.2261
    2.5053
    2.8018
    3.1155
    3.4468
    3.7957
    4.1624
    4.5470
    4.9496
    5.3705
    5.8097
    6.2674
    6.7439
    7.2392
    7.7536
    8.2872
    8.8402
    9.4128
   10.0053
   10.6177
   11.2504
   11.9035
   12.5773
   13.2717
   13.9866
   14.7206
   15.4705
   16.2297
   16.9872
   17.7295
   18.4436
   19.1209
   19.7585
   20.3583
   20.9252
   21.4654
   21.9856
   22.4925
   22.9925
   23.4919
   23.9966
   24.5126
   25.0454
   25.6007
   26.1840
   26.8011
   27.4575
   28.1590
   28.9117
   29.7217
   30.5958
   31.5411
   32.5654
   33.6776
   34.8880
   36.2092
   37.6570
   39.2539
   41.0331
   43.0252
   45.1371
   47.1188
   48.8626
   50.3893
   51.7241
   52.8809
   53.8672
   54.6861
   55.3381
   55.8216
   56.1330
   56.2673
   56.2174
   55.9748
   55.5287
   54.8664
   53.9722
   52.8274
   51.4089
   49.6887
   47.6313
   45.1918
   42.3113
   38.9103
   34.8761
   30.0391
   24.1191
   16.5787
    6.0306
