n= 205 rhomax= 3
  1.1260e-002
  3.1240e-001
  1.8814e+000
  5.4639e+000
  1.1211e+001
  1.9130e+001
  2.9217e+001
  4.1466e+001
  5.5872e+001
  7.2431e+001
  9.1138e+001
  1.1199e+002
  1.3497e+002
  1.6008e+002
  1.8732e+002
  2.1667e+002
  2.4813e+002
  2.8169e+002
  3.1734e+002
  3.5508e+002
  3.9488e+002
  4.3674e+002
  4.8066e+002
  5.2662e+002
  5.7460e+002
  6.2460e+002
  6.7660e+002
  7.3060e+002
  7.8657e+002
  8.4450e+002
  9.0438e+002
  9.6620e+002
  1.0299e+003
  1.0956e+003
  1.1631e+003
  1.2325e+003
  1.3037e+003
  1.3768e+003
  1.4517e+003
  1.5284e+003
  1.6069e+003
  1.6871e+003
  1.7691e+003
  1.8528e+003
  1.9382e+003
  2.0253e+003
  2.1140e+003
  2.2044e+003
  2.2964e+003
  2.3900e+003
  2.4852e+003
  2.5819e+003
  2.6801e+003
  2.7798e+003
  2.8810e+003
  2.9837e+003
  3.0878e+003
  3.1933e+003
  3.3001e+003
  3.4084e+003
  3.5179e+003
  3.6287e+003
  3.7408e+003
  3.8542e+003
  3.9688e+003
  4.0845e+003
  4.2014e+003
  4.3195e+003
  4.4386e+003
  4.5589e+003
  4.6802e+003
  4.8025e+003
  4.9258e+003
  5.0500e+003
  5.1752e+003
  5.3013e+003
  5.4282e+003
  5.5560e+003
  5.6846e+003
  5.8140e+003
  5.9441e+003
  6.0749e+003
  6.2064e+003
  6.3386e+003
  6.4714e+003
  6.6048e+003
  6.7387e+003
  6.8732e+003
  7.0081e+003
  7.1435e+003
  7.2794e+003
  7.4156e+003
  7.5522e+003
  7.6891e+003
  7.8264e+003
  7.9639e+003
  8.1016e+003
  8.2395e+003
  8.3776e+003
  8.5158e+003
  8.6541e+003
  8.7925e+003
  8.9309e+003
  9.0693e+003
  9.2077e+003
  9.3460e+003
  9.4843e+003
  9.6223e+003
  9.7603e+003
  9.8980e+003
  1.0035e+004
  1.0173e+004
  1.0310e+004
  1.0446e+004
  1.0582e+004
  1.0718e+004
  1.0854e+004
  1.0989e+004
  1.1123e+004
  1.1257e+004
  1.1390e+004
  1.1523e+004
  1.1655e+004
  1.1787e+004
  1.1918e+004
  1.2048e+004
  1.2177e+004
  1.2306e+004
  1.2434e+004
  1.2561e+004
  1.2687e+004
  1.2812e+004
  1.2936e+004
  1.3059e+004
  1.3182e+004
  1.3303e+004
  1.3423e+004
  1.3542e+004
  1.3660e+004
  1.3777e+004
  1.3893e+004
  1.4008e+004
  1.4121e+004
  1.4233e+004
  1.4344e+004
  1.4453e+004
  1.4562e+004
  1.4669e+004
  1.4774e+004
  1.4878e+004
  1.4981e+004
  1.5082e+004
  1.5182e+004
  1.5280e+004
  1.5377e+004
  1.5472e+004
  1.5565e+004
  1.5657e+004
  1.5748e+004
  1.5837e+004
  1.5924e+004
  1.6009e+004
  1.6093e+004
  1.6175e+004
  1.6255e+004
  1.6333e+004
  1.6410e+004
  1.6485e+004
  1.6558e+004
  1.6629e+004
  1.6699e+004
  1.6766e+004
  1.6832e+004
  1.6896e+004
  1.6957e+004
  1.7017e+004
  1.7075e+004
  1.7131e+004
  1.7185e+004
  1.7237e+004
  1.7287e+004
  1.7335e+004
  1.7381e+004
  1.7425e+004
  1.7467e+004
  1.7507e+004
  1.7544e+004
  1.7580e+004
  1.7614e+004
  1.7645e+004
  1.7675e+004
  1.7702e+004
  1.7727e+004
  1.7750e+004
  1.7771e+004
  1.7789e+004
  1.7806e+004
  1.7820e+004
  1.7833e+004
  1.7843e+004
  1.7851e+004
  1.7856e+004
  1.7860e+004
  1.7861e+004
  1.7861e+004
