n= 305 rhomax= 43
  6.2253e-003
  3.1199e-002
  7.6314e-002
  1.4173e-001
  2.2760e-001
  3.3410e-001
  4.6140e-001
  6.0966e-001
  7.7907e-001
  9.6982e-001
  1.1821e+000
  1.4161e+000
  1.6720e+000
  1.9500e+000
  2.2504e+000
  2.5734e+000
  2.9191e+000
  3.2879e+000
  3.6799e+000
  4.0955e+000
  4.5349e+000
  4.9983e+000
  5.4861e+000
  5.9985e+000
  6.5359e+000
  7.0985e+000
  7.6867e+000
  8.3009e+000
  8.9414e+000
  9.6085e+000
  1.0303e+001
  1.1024e+001
  1.1774e+001
  1.2552e+001
  1.3359e+001
  1.4195e+001
  1.5061e+001
  1.5958e+001
  1.6886e+001
  1.7845e+001
  1.8837e+001
  1.9862e+001
  2.0921e+001
  2.2015e+001
  2.3145e+001
  2.4311e+001
  2.5515e+001
  2.6758e+001
  2.8041e+001
  2.9366e+001
  3.0735e+001
  3.2148e+001
  3.3609e+001
  3.5120e+001
  3.6683e+001
  3.8301e+001
  3.9979e+001
  4.1721e+001
  4.3534e+001
  4.5425e+001
  4.7406e+001
  4.9494e+001
  5.1710e+001
  5.4052e+001
  5.6420e+001
  5.8679e+001
  6.0797e+001
  6.2792e+001
  6.4684e+001
  6.6486e+001
  6.8204e+001
  6.9846e+001
  7.1416e+001
  7.2919e+001
  7.4356e+001
  7.5731e+001
  7.7046e+001
  7.8303e+001
  7.9502e+001
  8.0647e+001
  8.1737e+001
  8.2774e+001
  8.3759e+001
  8.4692e+001
  8.5575e+001
  8.6408e+001
  8.7192e+001
  8.7927e+001
  8.8615e+001
  8.9254e+001
  8.9846e+001
  9.0392e+001
  9.0891e+001
  9.1344e+001
  9.1751e+001
  9.2113e+001
  9.2430e+001
  9.2701e+001
  9.2929e+001
  9.3111e+001
  9.3250e+001
  9.3344e+001
  9.3395e+001
  9.3402e+001
  9.3365e+001
  9.3286e+001
  9.3163e+001
  9.2997e+001
  9.2788e+001
  9.2537e+001
  9.2242e+001
  9.1906e+001
  9.1526e+001
  9.1105e+001
  9.0641e+001
  9.0135e+001
  8.9587e+001
  8.8998e+001
  8.8366e+001
  8.7692e+001
  8.6977e+001
  8.6220e+001
  8.5422e+001
  8.4582e+001
  8.3700e+001
  8.2777e+001
  8.1813e+001
  8.0807e+001
  7.9761e+001
  7.8673e+001
  7.7543e+001
  7.6373e+001
  7.5162e+001
  7.3909e+001
  7.2616e+001
  7.1281e+001
  6.9906e+001
  6.8490e+001
  6.7033e+001
  6.5535e+001
  6.3997e+001
  6.2417e+001
  6.0797e+001
  5.9136e+001
  5.7435e+001
  5.5693e+001
  5.3910e+001
  5.2087e+001
  5.0223e+001
  4.8318e+001
  4.6373e+001
  4.4388e+001
  4.2362e+001
  4.0295e+001
  3.8188e+001
  3.6041e+001
  3.3853e+001
  3.1625e+001
  2.9357e+001
  2.7048e+001
  2.4699e+001
  2.2309e+001
  1.9879e+001
  1.7409e+001
  1.4898e+001
  1.2348e+001
  9.7567e+000
  7.1254e+000
  4.4539e+000
  1.7422e+000
  1.0098e+000
  3.8020e+000
  6.6343e+000
  9.5069e+000
  1.2420e+001
  1.5373e+001
  1.8366e+001
  2.1399e+001
  2.4472e+001
  2.7586e+001
  3.0739e+001
  3.3933e+001
  3.7167e+001
  4.0441e+001
  4.3755e+001
  4.7109e+001
  5.0503e+001
  5.3937e+001
  5.7411e+001
  6.0926e+001
  6.4480e+001
  6.8075e+001
  7.1709e+001
  7.5384e+001
  7.9098e+001
  8.2853e+001
  8.6647e+001
  9.0482e+001
  9.4356e+001
  9.8271e+001
  1.0223e+002
  1.0622e+002
  1.1025e+002
  1.1433e+002
  1.1844e+002
  1.2260e+002
  1.2679e+002
  1.3103e+002
  1.3530e+002
  1.3962e+002
  1.4397e+002
  1.4836e+002
  1.5280e+002
  1.5727e+002
  1.6179e+002
  1.6634e+002
  1.7093e+002
  1.7557e+002
  1.8024e+002
  1.8496e+002
  1.8971e+002
  1.9450e+002
  1.9934e+002
  2.0421e+002
  2.0912e+002
  2.1408e+002
  2.1907e+002
  2.2410e+002
  2.2917e+002
  2.3429e+002
  2.3944e+002
  2.4463e+002
  2.4986e+002
  2.5514e+002
  2.6045e+002
  2.6580e+002
  2.7119e+002
  2.7662e+002
  2.8210e+002
  2.8761e+002
  2.9316e+002
  2.9875e+002
  3.0438e+002
  3.1005e+002
  3.1576e+002
  3.2151e+002
  3.2730e+002
  3.3313e+002
  3.3900e+002
  3.4491e+002
  3.5086e+002
  3.5685e+002
  3.6288e+002
  3.6895e+002
  3.7506e+002
  3.8121e+002
  3.8740e+002
  3.9363e+002
  3.9990e+002
  4.0621e+002
  4.1256e+002
  4.1894e+002
  4.2537e+002
  4.3184e+002
  4.3835e+002
  4.4490e+002
  4.5148e+002
  4.5811e+002
  4.6478e+002
  4.7148e+002
  4.7823e+002
  4.8502e+002
  4.9184e+002
  4.9871e+002
  5.0562e+002
  5.1256e+002
  5.1955e+002
  5.2657e+002
  5.3364e+002
  5.4074e+002
  5.4789e+002
  5.5507e+002
  5.6230e+002
  5.6956e+002
  5.7686e+002
  5.8421e+002
  5.9159e+002
  5.9902e+002
  6.0648e+002
  6.1398e+002
  6.2153e+002
  6.2911e+002
  6.3674e+002
  6.4442e+002
  6.5223e+002
  6.6033e+002
  6.6902e+002
  6.7861e+002
  6.8934e+002
  7.0140e+002
  7.1502e+002
  7.3054e+002
  7.4856e+002
  7.7022e+002
  7.9857e+002
