n= 305 rhomax= 38
  4.8594e-003
  2.4341e-002
  5.9506e-002
  1.1045e-001
  1.7727e-001
  2.6006e-001
  3.5892e-001
  4.7396e-001
  6.0528e-001
  7.5299e-001
  9.1720e-001
  1.0980e+000
  1.2956e+000
  1.5099e+000
  1.7413e+000
  1.9897e+000
  2.2553e+000
  2.5383e+000
  2.8387e+000
  3.1568e+000
  3.4925e+000
  3.8462e+000
  4.2179e+000
  4.6078e+000
  5.0160e+000
  5.4427e+000
  5.8880e+000
  6.3522e+000
  6.8354e+000
  7.3377e+000
  7.8594e+000
  8.4007e+000
  8.9617e+000
  9.5426e+000
  1.0144e+001
  1.0765e+001
  1.1407e+001
  1.2070e+001
  1.2754e+001
  1.3459e+001
  1.4186e+001
  1.4935e+001
  1.5705e+001
  1.6499e+001
  1.7314e+001
  1.8153e+001
  1.9016e+001
  1.9901e+001
  2.0811e+001
  2.1746e+001
  2.2705e+001
  2.3690e+001
  2.4700e+001
  2.5736e+001
  2.6799e+001
  2.7889e+001
  2.9007e+001
  3.0153e+001
  3.1329e+001
  3.2533e+001
  3.3769e+001
  3.5035e+001
  3.6333e+001
  3.7665e+001
  3.9030e+001
  4.0430e+001
  4.1866e+001
  4.3340e+001
  4.4853e+001
  4.6407e+001
  4.8003e+001
  4.9645e+001
  5.1333e+001
  5.3072e+001
  5.4866e+001
  5.6718e+001
  5.8634e+001
  6.0622e+001
  6.2692e+001
  6.4861e+001
  6.7148e+001
  6.9547e+001
  7.1965e+001
  7.4284e+001
  7.6475e+001
  7.8557e+001
  8.0546e+001
  8.2454e+001
  8.4288e+001
  8.6055e+001
  8.7760e+001
  8.9405e+001
  9.0993e+001
  9.2527e+001
  9.4010e+001
  9.5442e+001
  9.6825e+001
  9.8161e+001
  9.9451e+001
  1.0070e+002
  1.0190e+002
  1.0305e+002
  1.0417e+002
  1.0524e+002
  1.0627e+002
  1.0726e+002
  1.0821e+002
  1.0912e+002
  1.0999e+002
  1.1083e+002
  1.1162e+002
  1.1238e+002
  1.1309e+002
  1.1377e+002
  1.1442e+002
  1.1502e+002
  1.1559e+002
  1.1613e+002
  1.1662e+002
  1.1708e+002
  1.1751e+002
  1.1790e+002
  1.1825e+002
  1.1857e+002
  1.1886e+002
  1.1911e+002
  1.1932e+002
  1.1950e+002
  1.1964e+002
  1.1975e+002
  1.1983e+002
  1.1987e+002
  1.1988e+002
  1.1986e+002
  1.1980e+002
  1.1970e+002
  1.1957e+002
  1.1941e+002
  1.1922e+002
  1.1899e+002
  1.1873e+002
  1.1844e+002
  1.1811e+002
  1.1775e+002
  1.1735e+002
  1.1693e+002
  1.1647e+002
  1.1597e+002
  1.1545e+002
  1.1489e+002
  1.1430e+002
  1.1367e+002
  1.1302e+002
  1.1233e+002
  1.1161e+002
  1.1085e+002
  1.1006e+002
  1.0925e+002
  1.0839e+002
  1.0751e+002
  1.0659e+002
  1.0564e+002
  1.0466e+002
  1.0365e+002
  1.0260e+002
  1.0153e+002
  1.0042e+002
  9.9274e+001
  9.8100e+001
  9.6894e+001
  9.5656e+001
  9.4386e+001
  9.3083e+001
  9.1749e+001
  9.0383e+001
  8.8985e+001
  8.7555e+001
  8.6093e+001
  8.4599e+001
  8.3073e+001
  8.1516e+001
  7.9926e+001
  7.8305e+001
  7.6652e+001
  7.4968e+001
  7.3251e+001
  7.1503e+001
  6.9723e+001
  6.7911e+001
  6.6068e+001
  6.4193e+001
  6.2287e+001
  6.0348e+001
  5.8378e+001
  5.6377e+001
  5.4343e+001
  5.2279e+001
  5.0182e+001
  4.8054e+001
  4.5895e+001
  4.3704e+001
  4.1481e+001
  3.9227e+001
  3.6941e+001
  3.4624e+001
  3.2275e+001
  2.9895e+001
  2.7483e+001
  2.5040e+001
  2.2565e+001
  2.0059e+001
  1.7521e+001
  1.4952e+001
  1.2352e+001
  9.7200e+000
  7.0566e+000
  4.3618e+000
  1.6356e+000
  1.1220e+000
  3.9110e+000
  6.7314e+000
  9.5832e+000
  1.2466e+001
  1.5381e+001
  1.8327e+001
  2.1304e+001
  2.4313e+001
  2.7353e+001
  3.0424e+001
  3.3527e+001
  3.6661e+001
  3.9826e+001
  4.3023e+001
  4.6251e+001
  4.9510e+001
  5.2801e+001
  5.6123e+001
  5.9476e+001
  6.2860e+001
  6.6276e+001
  6.9723e+001
  7.3202e+001
  7.6711e+001
  8.0252e+001
  8.3825e+001
  8.7428e+001
  9.1063e+001
  9.4729e+001
  9.8426e+001
  1.0215e+002
  1.0591e+002
  1.0971e+002
  1.1353e+002
  1.1738e+002
  1.2127e+002
  1.2518e+002
  1.2913e+002
  1.3311e+002
  1.3712e+002
  1.4116e+002
  1.4523e+002
  1.4933e+002
  1.5347e+002
  1.5763e+002
  1.6183e+002
  1.6606e+002
  1.7032e+002
  1.7461e+002
  1.7893e+002
  1.8328e+002
  1.8767e+002
  1.9208e+002
  1.9653e+002
  2.0101e+002
  2.0552e+002
  2.1006e+002
  2.1463e+002
  2.1923e+002
  2.2387e+002
  2.2853e+002
  2.3323e+002
  2.3795e+002
  2.4271e+002
  2.4750e+002
  2.5232e+002
  2.5718e+002
  2.6207e+002
  2.6701e+002
  2.7204e+002
  2.7724e+002
  2.8275e+002
  2.8868e+002
  2.9514e+002
  3.0218e+002
  3.0984e+002
  3.1818e+002
  3.2724e+002
  3.3711e+002
  3.4788e+002
  3.5972e+002
  3.7284e+002
  3.8756e+002
  4.0446e+002
  4.2459e+002
  4.5074e+002
