n= 305 rhomax= 48
  7.7616e-003
  3.8921e-002
  9.5262e-002
  1.7703e-001
  2.8449e-001
  4.1789e-001
  5.7752e-001
  7.6365e-001
  9.7658e-001
  1.2166e+000
  1.4841e+000
  1.7793e+000
  2.1025e+000
  2.4543e+000
  2.8348e+000
  3.2446e+000
  3.6839e+000
  4.1533e+000
  4.6531e+000
  5.1839e+000
  5.7461e+000
  6.3403e+000
  6.9669e+000
  7.6266e+000
  8.3200e+000
  9.0476e+000
  9.8103e+000
  1.0609e+001
  1.1444e+001
  1.2316e+001
  1.3226e+001
  1.4176e+001
  1.5166e+001
  1.6197e+001
  1.7271e+001
  1.8388e+001
  1.9552e+001
  2.0762e+001
  2.2022e+001
  2.3332e+001
  2.4697e+001
  2.6117e+001
  2.7598e+001
  2.9142e+001
  3.0754e+001
  3.2441e+001
  3.4210e+001
  3.6071e+001
  3.8041e+001
  4.0141e+001
  4.2389e+001
  4.4718e+001
  4.6968e+001
  4.9062e+001
  5.1014e+001
  5.2846e+001
  5.4572e+001
  5.6203e+001
  5.7747e+001
  5.9207e+001
  6.0589e+001
  6.1896e+001
  6.3131e+001
  6.4296e+001
  6.5393e+001
  6.6424e+001
  6.7390e+001
  6.8293e+001
  6.9133e+001
  6.9912e+001
  7.0631e+001
  7.1289e+001
  7.1889e+001
  7.2431e+001
  7.2914e+001
  7.3341e+001
  7.3710e+001
  7.4024e+001
  7.4282e+001
  7.4484e+001
  7.4631e+001
  7.4723e+001
  7.4760e+001
  7.4743e+001
  7.4673e+001
  7.4548e+001
  7.4370e+001
  7.4138e+001
  7.3853e+001
  7.3516e+001
  7.3125e+001
  7.2682e+001
  7.2186e+001
  7.1638e+001
  7.1037e+001
  7.0385e+001
  6.9680e+001
  6.8923e+001
  6.8115e+001
  6.7255e+001
  6.6343e+001
  6.5380e+001
  6.4365e+001
  6.3299e+001
  6.2181e+001
  6.1012e+001
  5.9793e+001
  5.8522e+001
  5.7199e+001
  5.5826e+001
  5.4402e+001
  5.2928e+001
  5.1402e+001
  4.9825e+001
  4.8198e+001
  4.6520e+001
  4.4791e+001
  4.3012e+001
  4.1182e+001
  3.9302e+001
  3.7371e+001
  3.5390e+001
  3.3358e+001
  3.1276e+001
  2.9143e+001
  2.6960e+001
  2.4727e+001
  2.2443e+001
  2.0109e+001
  1.7725e+001
  1.5290e+001
  1.2806e+001
  1.0271e+001
  7.6857e+000
  5.0505e+000
  2.3651e+000
  3.7033e-001
  3.1559e+000
  5.9916e+000
  8.8773e+000
  1.1813e+001
  1.4799e+001
  1.7835e+001
  2.0921e+001
  2.4057e+001
  2.7242e+001
  3.0478e+001
  3.3764e+001
  3.7100e+001
  4.0485e+001
  4.3921e+001
  4.7407e+001
  5.0942e+001
  5.4527e+001
  5.8163e+001
  6.1848e+001
  6.5583e+001
  6.9368e+001
  7.3202e+001
  7.7087e+001
  8.1021e+001
  8.5006e+001
  8.9040e+001
  9.3124e+001
  9.7257e+001
  1.0144e+002
  1.0567e+002
  1.0996e+002
  1.1429e+002
  1.1867e+002
  1.2310e+002
  1.2759e+002
  1.3212e+002
  1.3670e+002
  1.4133e+002
  1.4601e+002
  1.5074e+002
  1.5553e+002
  1.6036e+002
  1.6524e+002
  1.7017e+002
  1.7515e+002
  1.8017e+002
  1.8525e+002
  1.9038e+002
  1.9556e+002
  2.0079e+002
  2.0607e+002
  2.1139e+002
  2.1677e+002
  2.2220e+002
  2.2767e+002
  2.3320e+002
  2.3878e+002
  2.4440e+002
  2.5008e+002
  2.5580e+002
  2.6158e+002
  2.6740e+002
  2.7328e+002
  2.7920e+002
  2.8517e+002
  2.9120e+002
  2.9727e+002
  3.0339e+002
  3.0956e+002
  3.1578e+002
  3.2205e+002
  3.2838e+002
  3.3475e+002
  3.4117e+002
  3.4764e+002
  3.5415e+002
  3.6072e+002
  3.6734e+002
  3.7401e+002
  3.8073e+002
  3.8750e+002
  3.9431e+002
  4.0118e+002
  4.0810e+002
  4.1506e+002
  4.2208e+002
  4.2914e+002
  4.3626e+002
  4.4342e+002
  4.5064e+002
  4.5790e+002
  4.6521e+002
  4.7258e+002
  4.7999e+002
  4.8745e+002
  4.9496e+002
  5.0252e+002
  5.1013e+002
  5.1779e+002
  5.2550e+002
  5.3326e+002
  5.4107e+002
  5.4893e+002
  5.5684e+002
  5.6480e+002
  5.7281e+002
  5.8086e+002
  5.8897e+002
  5.9713e+002
  6.0533e+002
  6.1359e+002
  6.2189e+002
  6.3025e+002
  6.3865e+002
  6.4711e+002
  6.5561e+002
  6.6416e+002
  6.7277e+002
  6.8142e+002
  6.9012e+002
  6.9887e+002
  7.0767e+002
  7.1652e+002
  7.2542e+002
  7.3437e+002
  7.4337e+002
  7.5242e+002
  7.6152e+002
  7.7067e+002
  7.7987e+002
  7.8911e+002
  7.9841e+002
  8.0776e+002
  8.1715e+002
  8.2660e+002
  8.3609e+002
  8.4564e+002
  8.5523e+002
  8.6487e+002
  8.7457e+002
  8.8431e+002
  8.9410e+002
  9.0395e+002
  9.1384e+002
  9.2378e+002
  9.3377e+002
  9.4381e+002
  9.5390e+002
  9.6404e+002
  9.7423e+002
  9.8447e+002
  9.9475e+002
  1.0051e+003
  1.0155e+003
  1.0259e+003
  1.0364e+003
  1.0469e+003
  1.0575e+003
  1.0682e+003
  1.0789e+003
  1.0897e+003
  1.1008e+003
  1.1128e+003
  1.1263e+003
  1.1420e+003
  1.1606e+003
  1.1834e+003
  1.2136e+003
