n= 305 rhomax= 33
  3.6631e-003
  1.8341e-002
  4.4816e-002
  8.3142e-002
  1.3337e-001
  1.9556e-001
  2.6977e-001
  3.5605e-001
  4.5445e-001
  5.6504e-001
  6.8788e-001
  8.2303e-001
  9.7055e-001
  1.1305e+000
  1.3029e+000
  1.4879e+000
  1.6855e+000
  1.8958e+000
  2.1189e+000
  2.3548e+000
  2.6036e+000
  2.8653e+000
  3.1401e+000
  3.4281e+000
  3.7292e+000
  4.0435e+000
  4.3712e+000
  4.7124e+000
  5.0670e+000
  5.4353e+000
  5.8172e+000
  6.2128e+000
  6.6224e+000
  7.0458e+000
  7.4833e+000
  7.9349e+000
  8.4008e+000
  8.8809e+000
  9.3755e+000
  9.8846e+000
  1.0408e+001
  1.0947e+001
  1.1500e+001
  1.2068e+001
  1.2652e+001
  1.3250e+001
  1.3864e+001
  1.4494e+001
  1.5138e+001
  1.5799e+001
  1.6476e+001
  1.7168e+001
  1.7876e+001
  1.8601e+001
  1.9343e+001
  2.0100e+001
  2.0875e+001
  2.1666e+001
  2.2475e+001
  2.3301e+001
  2.4144e+001
  2.5005e+001
  2.5883e+001
  2.6780e+001
  2.7695e+001
  2.8628e+001
  2.9580e+001
  3.0551e+001
  3.1542e+001
  3.2551e+001
  3.3580e+001
  3.4629e+001
  3.5699e+001
  3.6789e+001
  3.7900e+001
  3.9032e+001
  4.0185e+001
  4.1360e+001
  4.2558e+001
  4.3779e+001
  4.5022e+001
  4.6289e+001
  4.7580e+001
  4.8896e+001
  5.0237e+001
  5.1603e+001
  5.2996e+001
  5.4416e+001
  5.5864e+001
  5.7340e+001
  5.8845e+001
  6.0381e+001
  6.1948e+001
  6.3548e+001
  6.5181e+001
  6.6850e+001
  6.8555e+001
  7.0299e+001
  7.2083e+001
  7.3911e+001
  7.5784e+001
  7.7708e+001
  7.9685e+001
  8.1721e+001
  8.3825e+001
  8.6007e+001
  8.8283e+001
  9.0669e+001
  9.3141e+001
  9.5599e+001
  9.7955e+001
  1.0020e+002
  1.0235e+002
  1.0442e+002
  1.0642e+002
  1.0836e+002
  1.1024e+002
  1.1207e+002
  1.1384e+002
  1.1557e+002
  1.1725e+002
  1.1889e+002
  1.2049e+002
  1.2204e+002
  1.2355e+002
  1.2503e+002
  1.2646e+002
  1.2786e+002
  1.2923e+002
  1.3056e+002
  1.3185e+002
  1.3311e+002
  1.3434e+002
  1.3553e+002
  1.3669e+002
  1.3782e+002
  1.3891e+002
  1.3998e+002
  1.4101e+002
  1.4201e+002
  1.4298e+002
  1.4393e+002
  1.4484e+002
  1.4572e+002
  1.4657e+002
  1.4740e+002
  1.4819e+002
  1.4896e+002
  1.4969e+002
  1.5040e+002
  1.5108e+002
  1.5173e+002
  1.5236e+002
  1.5295e+002
  1.5352e+002
  1.5407e+002
  1.5458e+002
  1.5507e+002
  1.5553e+002
  1.5596e+002
  1.5637e+002
  1.5674e+002
  1.5710e+002
  1.5742e+002
  1.5772e+002
  1.5799e+002
  1.5824e+002
  1.5846e+002
  1.5866e+002
  1.5882e+002
  1.5897e+002
  1.5908e+002
  1.5917e+002
  1.5924e+002
  1.5928e+002
  1.5929e+002
  1.5928e+002
  1.5924e+002
  1.5917e+002
  1.5908e+002
  1.5897e+002
  1.5883e+002
  1.5866e+002
  1.5847e+002
  1.5826e+002
  1.5802e+002
  1.5775e+002
  1.5746e+002
  1.5714e+002
  1.5680e+002
  1.5644e+002
  1.5604e+002
  1.5563e+002
  1.5519e+002
  1.5472e+002
  1.5423e+002
  1.5371e+002
  1.5317e+002
  1.5261e+002
  1.5202e+002
  1.5140e+002
  1.5077e+002
  1.5010e+002
  1.4941e+002
  1.4870e+002
  1.4796e+002
  1.4720e+002
  1.4641e+002
  1.4560e+002
  1.4477e+002
  1.4391e+002
  1.4302e+002
  1.4212e+002
  1.4118e+002
  1.4022e+002
  1.3924e+002
  1.3824e+002
  1.3721e+002
  1.3615e+002
  1.3507e+002
  1.3397e+002
  1.3284e+002
  1.3169e+002
  1.3052e+002
  1.2932e+002
  1.2809e+002
  1.2684e+002
  1.2557e+002
  1.2427e+002
  1.2295e+002
  1.2161e+002
  1.2024e+002
  1.1885e+002
  1.1743e+002
  1.1599e+002
  1.1452e+002
  1.1303e+002
  1.1152e+002
  1.0998e+002
  1.0842e+002
  1.0684e+002
  1.0523e+002
  1.0359e+002
  1.0194e+002
  1.0025e+002
  9.8549e+001
  9.6820e+001
  9.5067e+001
  9.3290e+001
  9.1489e+001
  8.9664e+001
  8.7815e+001
  8.5943e+001
  8.4046e+001
  8.2126e+001
  8.0182e+001
  7.8214e+001
  7.6222e+001
  7.4206e+001
  7.2166e+001
  7.0103e+001
  6.8016e+001
  6.5905e+001
  6.3770e+001
  6.1611e+001
  5.9428e+001
  5.7222e+001
  5.4992e+001
  5.2738e+001
  5.0460e+001
  4.8159e+001
  4.5833e+001
  4.3484e+001
  4.1108e+001
  3.8703e+001
  3.6258e+001
  3.3752e+001
  3.1151e+001
  2.8412e+001
  2.5488e+001
  2.2348e+001
  1.8969e+001
  1.5340e+001
  1.1454e+001
  7.3061e+000
  2.8897e+000
  1.8033e+000
  6.7833e+000
  1.2063e+001
  1.7659e+001
  2.3589e+001
  2.9878e+001
  3.6552e+001
  4.3646e+001
  5.1201e+001
  5.9265e+001
  6.7904e+001
  7.7196e+001
  8.7247e+001
  9.8198e+001
  1.1025e+002
  1.2372e+002
  1.3909e+002
  1.5736e+002
  1.8103e+002
