n= 100 rhomax= 15 omega= 5.000000
  1.2931e-001
  2.5424e-001
  3.5342e-001
  4.1243e-001
  4.2673e-001
  4.0128e-001
  3.4762e-001
  2.7972e-001
  2.1024e-001
  1.4817e-001
  9.8211e-002
  6.1361e-002
  3.6205e-002
  2.0206e-002
  1.0680e-002
  5.3529e-003
  2.5467e-003
  1.1513e-003
  4.9494e-004
  2.0253e-004
  7.8947e-005
  2.9338e-005
  1.0401e-005
  3.5204e-006
  1.1384e-006
  3.5193e-007
  1.0408e-007
  2.9465e-008
  7.9905e-009
  2.0768e-009
  5.1781e-010
  1.2366e-010
  2.8392e-011
  6.3306e-012
  1.3537e-012
  4.0334e-013
  7.8337e-014
 -1.1726e-013
 -2.3954e-014
  5.3875e-014
 -4.9756e-014
 -1.1714e-013
 -3.9666e-014
  4.6247e-014
  3.8667e-014
 -3.1594e-014
 -8.1814e-014
 -9.1597e-014
 -6.2594e-014
 -4.8354e-014
 -8.4614e-015
 -1.6680e-014
 -6.2260e-015
  2.1501e-014
 -4.2911e-014
  5.0931e-014
 -4.4918e-014
  2.4671e-014
  3.3790e-014
 -1.0565e-013
  7.3667e-014
  5.2092e-014
 -5.0558e-014
 -2.3766e-014
  2.1685e-014
  3.1637e-014
  4.4557e-014
  6.9277e-014
  7.5959e-014
  5.7080e-014
  3.1376e-014
  1.4020e-014
  5.7342e-015
  2.3499e-015
  8.6776e-016
  2.7967e-016
  1.5706e-016
  1.2334e-016
  7.0890e-017
  1.3575e-017
 -1.3059e-017
 -1.2009e-017
 -6.0530e-018
 -3.6297e-018
 -2.9397e-018
 -2.0813e-018
 -1.1240e-018
 -4.9349e-019
 -2.0347e-019
 -8.8737e-020
 -3.9868e-020
 -1.6746e-020
 -6.2479e-021
 -2.0633e-021
 -6.0730e-022
 -1.5810e-022
 -3.2695e-023
 -5.9107e-024
  5.1840e-025
  7.9255e-025
