n= 100 rhomax= 15 omega= 1.000000
  6.2776e-002
  1.2928e-001
  1.9396e-001
  2.5154e-001
  2.9767e-001
  3.2937e-001
  3.4529e-001
  3.4570e-001
  3.3229e-001
  3.0776e-001
  2.7538e-001
  2.3853e-001
  2.0031e-001
  1.6328e-001
  1.2933e-001
  9.9608e-002
  7.4655e-002
  5.4479e-002
  3.8727e-002
  2.6830e-002
  1.8122e-002
  1.1938e-002
  7.6716e-003
  4.8111e-003
  2.9450e-003
  1.7601e-003
  1.0272e-003
  5.8558e-004
  3.2612e-004
  1.7746e-004
  9.4373e-005
  4.9056e-005
  2.4929e-005
  1.2386e-005
  6.0184e-006
  2.8601e-006
  1.3295e-006
  6.0465e-007
  2.6906e-007
  1.1717e-007
  4.9935e-008
  2.0832e-008
  8.5082e-009
  3.4023e-009
  1.3324e-009
  5.1109e-010
  1.9197e-010
  7.0776e-011
  2.5610e-011
  8.9900e-012
  3.1055e-012
  1.1228e-012
  3.8388e-013
  1.5445e-013
  1.6587e-014
 -8.3107e-014
  6.6275e-015
  1.5829e-013
  2.5528e-014
 -1.5108e-013
 -6.9653e-014
  7.0169e-014
  7.6394e-014
  9.6052e-015
  1.6522e-014
 -2.4574e-015
 -1.1523e-013
 -9.6683e-014
  9.3469e-014
  1.0033e-013
  1.2791e-014
 -6.1227e-014
  3.5026e-014
  4.7177e-014
  1.2624e-013
  7.5392e-014
  2.0634e-014
  6.3124e-014
  9.7361e-014
  1.2765e-013
  5.3511e-014
 -2.1580e-014
  9.1403e-015
 -8.8396e-015
 -5.9861e-014
 -2.6436e-014
  3.3473e-014
  7.4931e-014
  1.0692e-013
  8.6089e-014
  3.0835e-014
  3.0748e-014
  7.6207e-014
  8.0536e-014
  3.5723e-014
 -6.7128e-016
 -1.4624e-014
 -3.1788e-014
 -4.9370e-014
 -3.9490e-014
