n= 100 rhomax= 15 omega= 0.010000
  4.9094e-003
  1.0489e-002
  1.6714e-002
  2.3551e-002
  3.0955e-002
  3.8875e-002
  4.7251e-002
  5.6014e-002
  6.5090e-002
  7.4402e-002
  8.3865e-002
  9.3393e-002
  1.0290e-001
  1.1229e-001
  1.2149e-001
  1.3040e-001
  1.3895e-001
  1.4705e-001
  1.5465e-001
  1.6166e-001
  1.6803e-001
  1.7371e-001
  1.7867e-001
  1.8286e-001
  1.8626e-001
  1.8887e-001
  1.9066e-001
  1.9165e-001
  1.9184e-001
  1.9126e-001
  1.8993e-001
  1.8788e-001
  1.8516e-001
  1.8180e-001
  1.7787e-001
  1.7340e-001
  1.6845e-001
  1.6309e-001
  1.5736e-001
  1.5134e-001
  1.4506e-001
  1.3860e-001
  1.3201e-001
  1.2533e-001
  1.1862e-001
  1.1192e-001
  1.0528e-001
  9.8730e-002
  9.2313e-002
  8.6058e-002
  7.9990e-002
  7.4134e-002
  6.8507e-002
  6.3126e-002
  5.8002e-002
  5.3142e-002
  4.8553e-002
  4.4236e-002
  4.0191e-002
  3.6415e-002
  3.2902e-002
  2.9648e-002
  2.6643e-002
  2.3877e-002
  2.1341e-002
  1.9023e-002
  1.6912e-002
  1.4995e-002
  1.3260e-002
  1.1695e-002
  1.0287e-002
  9.0256e-003
  7.8979e-003
  6.8931e-003
  6.0005e-003
  5.2099e-003
  4.5118e-003
  3.8971e-003
  3.3574e-003
  2.8850e-003
  2.4725e-003
  2.1135e-003
  1.8018e-003
  1.5319e-003
  1.2989e-003
  1.0981e-003
  9.2557e-004
  7.7765e-004
  6.5106e-004
  5.4290e-004
  4.5060e-004
  3.7186e-004
  3.0465e-004
  2.4716e-004
  1.9780e-004
  1.5512e-004
  1.1783e-004
  8.4751e-005
  5.4779e-005
  2.6870e-005
