n= 100 rhomax= 15 omega= 0.500000
  4.5081e-002
  9.3896e-002
  1.4352e-001
  1.9096e-001
  2.3346e-001
  2.6870e-001
  2.9498e-001
  3.1135e-001
  3.1760e-001
  3.1424e-001
  3.0236e-001
  2.8347e-001
  2.5934e-001
  2.3180e-001
  2.0262e-001
  1.7334e-001
  1.4522e-001
  1.1922e-001
  9.5948e-002
  7.5731e-002
  5.8642e-002
  4.4563e-002
  3.3243e-002
  2.4349e-002
  1.7515e-002
  1.2376e-002
  8.5914e-003
  5.8605e-003
  3.9287e-003
  2.5887e-003
  1.6768e-003
  1.0679e-003
  6.6867e-004
  4.1174e-004
  2.4935e-004
  1.4852e-004
  8.7019e-005
  5.0156e-005
  2.8442e-005
  1.5869e-005
  8.7122e-006
  4.7069e-006
  2.5026e-006
  1.3096e-006
  6.7456e-007
  3.4201e-007
  1.7071e-007
  8.3881e-008
  4.0580e-008
  1.9330e-008
  9.0664e-009
  4.1875e-009
  1.9048e-009
  8.5341e-010
  3.7688e-010
  1.6395e-010
  7.0022e-011
  2.9426e-011
  1.2022e-011
  4.7667e-012
  1.9329e-012
  7.7438e-013
  4.7333e-013
  4.2356e-013
  3.5465e-013
  2.3745e-013
  1.5829e-014
 -1.4997e-013
 -2.5306e-013
 -3.2827e-013
 -2.8065e-013
 -2.9642e-013
 -2.8652e-013
 -2.2993e-013
 -2.2747e-013
 -1.6185e-013
 -2.4327e-014
 -3.1162e-014
 -8.6235e-014
  1.9961e-014
  7.2097e-014
 -5.0194e-014
 -1.0221e-013
 -2.5461e-014
  2.9447e-015
 -3.1963e-014
 -3.7584e-015
  7.6829e-014
  9.9462e-014
  6.1061e-014
  3.5180e-014
  4.8273e-014
  6.3476e-014
  2.6438e-014
 -5.1180e-014
 -7.3930e-014
 -1.4097e-014
  3.6618e-014
  1.7067e-014
 -1.1855e-014
